scene,speaker,system,depth,si_sdr
4077-13754-0001_5142-33396-0065_5683-32866-0012,s1,no_recursion,1,inf
4077-13754-0001_5142-33396-0065_5683-32866-0012,s1,no_recursion,2,nan
4077-13754-0001_5142-33396-0065_5683-32866-0012,s1,no_recursion,3,3.9768401919040315
4077-13754-0001_5142-33396-0065_5683-32866-0012,s2,no_recursion,1,inf
4077-13754-0001_5142-33396-0065_5683-32866-0012,s2,no_recursion,2,1.9662896847818299
4077-13754-0001_5142-33396-0065_5683-32866-0012,s2,no_recursion,3,-7.9044289560556305
4077-13754-0001_5142-33396-0065_5683-32866-0012,s3,no_recursion,1,24.403703284227003
4077-13754-0001_5142-33396-0065_5683-32866-0012,s3,no_recursion,2,7.965778263035686
4077-13754-0001_5142-33396-0065_5683-32866-0012,s3,no_recursion,3,9.983405710176674
4077-13754-0001_5142-33396-0065_5683-32866-0012,s1,ungated_deflation,1,inf
4077-13754-0001_5142-33396-0065_5683-32866-0012,s1,ungated_deflation,2,nan
4077-13754-0001_5142-33396-0065_5683-32866-0012,s1,ungated_deflation,3,3.9768401919040315
4077-13754-0001_5142-33396-0065_5683-32866-0012,s2,ungated_deflation,1,inf
4077-13754-0001_5142-33396-0065_5683-32866-0012,s2,ungated_deflation,2,-2.164796594243171
4077-13754-0001_5142-33396-0065_5683-32866-0012,s2,ungated_deflation,3,-10.491050256892283
4077-13754-0001_5142-33396-0065_5683-32866-0012,s3,ungated_deflation,1,21.806618433720296
4077-13754-0001_5142-33396-0065_5683-32866-0012,s3,ungated_deflation,2,2.3838305538958107
4077-13754-0001_5142-33396-0065_5683-32866-0012,s3,ungated_deflation,3,-0.6440205189826258
4077-13754-0001_5142-33396-0065_5683-32866-0012,s1,gated_deflation,1,inf
4077-13754-0001_5142-33396-0065_5683-32866-0012,s1,gated_deflation,2,nan
4077-13754-0001_5142-33396-0065_5683-32866-0012,s1,gated_deflation,3,3.9768401919040315
4077-13754-0001_5142-33396-0065_5683-32866-0012,s2,gated_deflation,1,inf
4077-13754-0001_5142-33396-0065_5683-32866-0012,s2,gated_deflation,2,-2.164796594243171
4077-13754-0001_5142-33396-0065_5683-32866-0012,s2,gated_deflation,3,-10.491050256892283
4077-13754-0001_5142-33396-0065_5683-32866-0012,s3,gated_deflation,1,21.80733785016272
4077-13754-0001_5142-33396-0065_5683-32866-0012,s3,gated_deflation,2,6.79254003849346
4077-13754-0001_5142-33396-0065_5683-32866-0012,s3,gated_deflation,3,-0.5499627842868595
4077-13754-0001_5142-33396-0065_5683-32866-0012,s1,coarse_to_fine,1,inf
4077-13754-0001_5142-33396-0065_5683-32866-0012,s1,coarse_to_fine,2,nan
4077-13754-0001_5142-33396-0065_5683-32866-0012,s1,coarse_to_fine,3,3.2297150097386416
4077-13754-0001_5142-33396-0065_5683-32866-0012,s2,coarse_to_fine,1,inf
4077-13754-0001_5142-33396-0065_5683-32866-0012,s2,coarse_to_fine,2,-3.926381986401885
4077-13754-0001_5142-33396-0065_5683-32866-0012,s2,coarse_to_fine,3,-12.949367965710547
4077-13754-0001_5142-33396-0065_5683-32866-0012,s3,coarse_to_fine,1,24.458615451292705
4077-13754-0001_5142-33396-0065_5683-32866-0012,s3,coarse_to_fine,2,6.1528255842224935
4077-13754-0001_5142-33396-0065_5683-32866-0012,s3,coarse_to_fine,3,9.730346538157741
4507-16021-0025_1188-133604-0025_4992-23283-0016,s1,no_recursion,1,70.7609280147476
4507-16021-0025_1188-133604-0025_4992-23283-0016,s1,no_recursion,2,11.152028704547552
4507-16021-0025_1188-133604-0025_4992-23283-0016,s1,no_recursion,3,7.30099301522808
4507-16021-0025_1188-133604-0025_4992-23283-0016,s2,no_recursion,1,inf
4507-16021-0025_1188-133604-0025_4992-23283-0016,s2,no_recursion,2,-23.500920757895933
4507-16021-0025_1188-133604-0025_4992-23283-0016,s2,no_recursion,3,-19.50710198346555
4507-16021-0025_1188-133604-0025_4992-23283-0016,s3,no_recursion,1,30.480240407776137
4507-16021-0025_1188-133604-0025_4992-23283-0016,s3,no_recursion,2,nan
4507-16021-0025_1188-133604-0025_4992-23283-0016,s3,no_recursion,3,-11.102426908096346
4507-16021-0025_1188-133604-0025_4992-23283-0016,s1,ungated_deflation,1,54.73580749027245
4507-16021-0025_1188-133604-0025_4992-23283-0016,s1,ungated_deflation,2,-3.980988450032574
4507-16021-0025_1188-133604-0025_4992-23283-0016,s1,ungated_deflation,3,-1.155172456753366
4507-16021-0025_1188-133604-0025_4992-23283-0016,s2,ungated_deflation,1,inf
4507-16021-0025_1188-133604-0025_4992-23283-0016,s2,ungated_deflation,2,-23.500920757895933
4507-16021-0025_1188-133604-0025_4992-23283-0016,s2,ungated_deflation,3,-19.50710198346555
4507-16021-0025_1188-133604-0025_4992-23283-0016,s3,ungated_deflation,1,15.76309739363122
4507-16021-0025_1188-133604-0025_4992-23283-0016,s3,ungated_deflation,2,nan
4507-16021-0025_1188-133604-0025_4992-23283-0016,s3,ungated_deflation,3,-8.741222532641109
4507-16021-0025_1188-133604-0025_4992-23283-0016,s1,gated_deflation,1,72.68452077320401
4507-16021-0025_1188-133604-0025_4992-23283-0016,s1,gated_deflation,2,9.784916412108808
4507-16021-0025_1188-133604-0025_4992-23283-0016,s1,gated_deflation,3,5.001103362019448
4507-16021-0025_1188-133604-0025_4992-23283-0016,s2,gated_deflation,1,inf
4507-16021-0025_1188-133604-0025_4992-23283-0016,s2,gated_deflation,2,-23.500920757895933
4507-16021-0025_1188-133604-0025_4992-23283-0016,s2,gated_deflation,3,-19.50710198346555
4507-16021-0025_1188-133604-0025_4992-23283-0016,s3,gated_deflation,1,30.480240407776137
4507-16021-0025_1188-133604-0025_4992-23283-0016,s3,gated_deflation,2,nan
4507-16021-0025_1188-133604-0025_4992-23283-0016,s3,gated_deflation,3,-11.102426908096346
4507-16021-0025_1188-133604-0025_4992-23283-0016,s1,coarse_to_fine,1,72.07114516203349
4507-16021-0025_1188-133604-0025_4992-23283-0016,s1,coarse_to_fine,2,11.070338367425322
4507-16021-0025_1188-133604-0025_4992-23283-0016,s1,coarse_to_fine,3,7.04447253661852
4507-16021-0025_1188-133604-0025_4992-23283-0016,s2,coarse_to_fine,1,inf
4507-16021-0025_1188-133604-0025_4992-23283-0016,s2,coarse_to_fine,2,-23.500920757895933
4507-16021-0025_1188-133604-0025_4992-23283-0016,s2,coarse_to_fine,3,-19.50710198346555
4507-16021-0025_1188-133604-0025_4992-23283-0016,s3,coarse_to_fine,1,30.80088529927519
4507-16021-0025_1188-133604-0025_4992-23283-0016,s3,coarse_to_fine,2,nan
4507-16021-0025_1188-133604-0025_4992-23283-0016,s3,coarse_to_fine,3,-10.978294833810054
5142-36377-0017_2830-3980-0022_3729-6852-0038,s1,no_recursion,1,inf
5142-36377-0017_2830-3980-0022_3729-6852-0038,s1,no_recursion,2,-14.918099478224311
5142-36377-0017_2830-3980-0022_3729-6852-0038,s1,no_recursion,3,0.7718975205707258
5142-36377-0017_2830-3980-0022_3729-6852-0038,s2,no_recursion,1,inf
5142-36377-0017_2830-3980-0022_3729-6852-0038,s2,no_recursion,2,nan
5142-36377-0017_2830-3980-0022_3729-6852-0038,s2,no_recursion,3,5.244676013992038
5142-36377-0017_2830-3980-0022_3729-6852-0038,s3,no_recursion,1,34.16849266712079
5142-36377-0017_2830-3980-0022_3729-6852-0038,s3,no_recursion,2,0.816823278712837
5142-36377-0017_2830-3980-0022_3729-6852-0038,s3,no_recursion,3,-4.6004201816514545
5142-36377-0017_2830-3980-0022_3729-6852-0038,s1,ungated_deflation,1,inf
5142-36377-0017_2830-3980-0022_3729-6852-0038,s1,ungated_deflation,2,-14.918099478224311
5142-36377-0017_2830-3980-0022_3729-6852-0038,s1,ungated_deflation,3,0.7718975205707258
5142-36377-0017_2830-3980-0022_3729-6852-0038,s2,ungated_deflation,1,inf
5142-36377-0017_2830-3980-0022_3729-6852-0038,s2,ungated_deflation,2,nan
5142-36377-0017_2830-3980-0022_3729-6852-0038,s2,ungated_deflation,3,-6.1207665038848225
5142-36377-0017_2830-3980-0022_3729-6852-0038,s3,ungated_deflation,1,19.978899181690053
5142-36377-0017_2830-3980-0022_3729-6852-0038,s3,ungated_deflation,2,-1.933782827440882
5142-36377-0017_2830-3980-0022_3729-6852-0038,s3,ungated_deflation,3,-14.584113805396191
5142-36377-0017_2830-3980-0022_3729-6852-0038,s1,gated_deflation,1,inf
5142-36377-0017_2830-3980-0022_3729-6852-0038,s1,gated_deflation,2,-14.918099478224311
5142-36377-0017_2830-3980-0022_3729-6852-0038,s1,gated_deflation,3,0.7718975205707258
5142-36377-0017_2830-3980-0022_3729-6852-0038,s2,gated_deflation,1,inf
5142-36377-0017_2830-3980-0022_3729-6852-0038,s2,gated_deflation,2,nan
5142-36377-0017_2830-3980-0022_3729-6852-0038,s2,gated_deflation,3,-6.1207665038848225
5142-36377-0017_2830-3980-0022_3729-6852-0038,s3,gated_deflation,1,19.978899181690053
5142-36377-0017_2830-3980-0022_3729-6852-0038,s3,gated_deflation,2,-1.933782827440882
5142-36377-0017_2830-3980-0022_3729-6852-0038,s3,gated_deflation,3,-14.584113805396191
5142-36377-0017_2830-3980-0022_3729-6852-0038,s1,coarse_to_fine,1,inf
5142-36377-0017_2830-3980-0022_3729-6852-0038,s1,coarse_to_fine,2,-8.663990230744568
5142-36377-0017_2830-3980-0022_3729-6852-0038,s1,coarse_to_fine,3,0.3140136057798568
5142-36377-0017_2830-3980-0022_3729-6852-0038,s2,coarse_to_fine,1,inf
5142-36377-0017_2830-3980-0022_3729-6852-0038,s2,coarse_to_fine,2,nan
5142-36377-0017_2830-3980-0022_3729-6852-0038,s2,coarse_to_fine,3,4.673465667954259
5142-36377-0017_2830-3980-0022_3729-6852-0038,s3,coarse_to_fine,1,35.27534591532049
5142-36377-0017_2830-3980-0022_3729-6852-0038,s3,coarse_to_fine,2,4.2587349284268425
5142-36377-0017_2830-3980-0022_3729-6852-0038,s3,coarse_to_fine,3,-4.817093715332029
7021-79759-0005_4507-16021-0058_260-123288-0005,s1,no_recursion,1,41.65105393946688
7021-79759-0005_4507-16021-0058_260-123288-0005,s1,no_recursion,2,-2.8026719977724426
7021-79759-0005_4507-16021-0058_260-123288-0005,s1,no_recursion,3,-2.4846777536903124
7021-79759-0005_4507-16021-0058_260-123288-0005,s2,no_recursion,1,inf
7021-79759-0005_4507-16021-0058_260-123288-0005,s2,no_recursion,2,nan
7021-79759-0005_4507-16021-0058_260-123288-0005,s2,no_recursion,3,2.122646027882718
7021-79759-0005_4507-16021-0058_260-123288-0005,s3,no_recursion,1,34.6789776123686
7021-79759-0005_4507-16021-0058_260-123288-0005,s3,no_recursion,2,2.952683736222866
7021-79759-0005_4507-16021-0058_260-123288-0005,s3,no_recursion,3,-0.09417952391338648
7021-79759-0005_4507-16021-0058_260-123288-0005,s1,ungated_deflation,1,41.65105393946688
7021-79759-0005_4507-16021-0058_260-123288-0005,s1,ungated_deflation,2,-2.8026719977724426
7021-79759-0005_4507-16021-0058_260-123288-0005,s1,ungated_deflation,3,-2.4846777536903124
7021-79759-0005_4507-16021-0058_260-123288-0005,s2,ungated_deflation,1,inf
7021-79759-0005_4507-16021-0058_260-123288-0005,s2,ungated_deflation,2,nan
7021-79759-0005_4507-16021-0058_260-123288-0005,s2,ungated_deflation,3,-0.3735616018912853
7021-79759-0005_4507-16021-0058_260-123288-0005,s3,ungated_deflation,1,8.935512717915735
7021-79759-0005_4507-16021-0058_260-123288-0005,s3,ungated_deflation,2,0.19249396030648852
7021-79759-0005_4507-16021-0058_260-123288-0005,s3,ungated_deflation,3,-4.813102821901271
7021-79759-0005_4507-16021-0058_260-123288-0005,s1,gated_deflation,1,41.65105393946688
7021-79759-0005_4507-16021-0058_260-123288-0005,s1,gated_deflation,2,-2.8026719977724426
7021-79759-0005_4507-16021-0058_260-123288-0005,s1,gated_deflation,3,-2.4846777536903124
7021-79759-0005_4507-16021-0058_260-123288-0005,s2,gated_deflation,1,inf
7021-79759-0005_4507-16021-0058_260-123288-0005,s2,gated_deflation,2,nan
7021-79759-0005_4507-16021-0058_260-123288-0005,s2,gated_deflation,3,2.122646027882718
7021-79759-0005_4507-16021-0058_260-123288-0005,s3,gated_deflation,1,32.883000478211045
7021-79759-0005_4507-16021-0058_260-123288-0005,s3,gated_deflation,2,2.8348861285469558
7021-79759-0005_4507-16021-0058_260-123288-0005,s3,gated_deflation,3,-8.744606718655575
7021-79759-0005_4507-16021-0058_260-123288-0005,s1,coarse_to_fine,1,41.65105393946688
7021-79759-0005_4507-16021-0058_260-123288-0005,s1,coarse_to_fine,2,-2.8026719977724426
7021-79759-0005_4507-16021-0058_260-123288-0005,s1,coarse_to_fine,3,-2.4846777536903124
7021-79759-0005_4507-16021-0058_260-123288-0005,s2,coarse_to_fine,1,inf
7021-79759-0005_4507-16021-0058_260-123288-0005,s2,coarse_to_fine,2,nan
7021-79759-0005_4507-16021-0058_260-123288-0005,s2,coarse_to_fine,3,1.6714209318753948
7021-79759-0005_4507-16021-0058_260-123288-0005,s3,coarse_to_fine,1,32.81007935039871
7021-79759-0005_4507-16021-0058_260-123288-0005,s3,coarse_to_fine,2,2.455248153755489
7021-79759-0005_4507-16021-0058_260-123288-0005,s3,coarse_to_fine,3,-0.6399572096100014
672-122797-0044_8463-294828-0013_4507-16021-0043,s1,no_recursion,1,inf
672-122797-0044_8463-294828-0013_4507-16021-0043,s1,no_recursion,2,nan
672-122797-0044_8463-294828-0013_4507-16021-0043,s1,no_recursion,3,8.84286207750366
672-122797-0044_8463-294828-0013_4507-16021-0043,s2,no_recursion,1,37.92861774265438
672-122797-0044_8463-294828-0013_4507-16021-0043,s2,no_recursion,2,-17.903214588460973
672-122797-0044_8463-294828-0013_4507-16021-0043,s2,no_recursion,3,0.42327611699177614
672-122797-0044_8463-294828-0013_4507-16021-0043,s3,no_recursion,1,25.481327368096125
672-122797-0044_8463-294828-0013_4507-16021-0043,s3,no_recursion,2,-18.06245661253797
672-122797-0044_8463-294828-0013_4507-16021-0043,s3,no_recursion,3,-3.6985656804321367
672-122797-0044_8463-294828-0013_4507-16021-0043,s1,ungated_deflation,1,inf
672-122797-0044_8463-294828-0013_4507-16021-0043,s1,ungated_deflation,2,nan
672-122797-0044_8463-294828-0013_4507-16021-0043,s1,ungated_deflation,3,8.84286207750366
672-122797-0044_8463-294828-0013_4507-16021-0043,s2,ungated_deflation,1,34.72666433993446
672-122797-0044_8463-294828-0013_4507-16021-0043,s2,ungated_deflation,2,10.844281391141532
672-122797-0044_8463-294828-0013_4507-16021-0043,s2,ungated_deflation,3,-8.127475328890664
672-122797-0044_8463-294828-0013_4507-16021-0043,s3,ungated_deflation,1,30.36581268308126
672-122797-0044_8463-294828-0013_4507-16021-0043,s3,ungated_deflation,2,-23.114114078816016
672-122797-0044_8463-294828-0013_4507-16021-0043,s3,ungated_deflation,3,-7.184764566930624
672-122797-0044_8463-294828-0013_4507-16021-0043,s1,gated_deflation,1,inf
672-122797-0044_8463-294828-0013_4507-16021-0043,s1,gated_deflation,2,nan
672-122797-0044_8463-294828-0013_4507-16021-0043,s1,gated_deflation,3,8.84286207750366
672-122797-0044_8463-294828-0013_4507-16021-0043,s2,gated_deflation,1,33.86565427438058
672-122797-0044_8463-294828-0013_4507-16021-0043,s2,gated_deflation,2,14.888292631959263
672-122797-0044_8463-294828-0013_4507-16021-0043,s2,gated_deflation,3,-6.637573327754575
672-122797-0044_8463-294828-0013_4507-16021-0043,s3,gated_deflation,1,30.36581268308126
672-122797-0044_8463-294828-0013_4507-16021-0043,s3,gated_deflation,2,-23.114114078816016
672-122797-0044_8463-294828-0013_4507-16021-0043,s3,gated_deflation,3,-7.184764566930624
672-122797-0044_8463-294828-0013_4507-16021-0043,s1,coarse_to_fine,1,inf
672-122797-0044_8463-294828-0013_4507-16021-0043,s1,coarse_to_fine,2,nan
672-122797-0044_8463-294828-0013_4507-16021-0043,s1,coarse_to_fine,3,8.60491224784952
672-122797-0044_8463-294828-0013_4507-16021-0043,s2,coarse_to_fine,1,31.01196089820717
672-122797-0044_8463-294828-0013_4507-16021-0043,s2,coarse_to_fine,2,13.344322387989356
672-122797-0044_8463-294828-0013_4507-16021-0043,s2,coarse_to_fine,3,0.4203414965492514
672-122797-0044_8463-294828-0013_4507-16021-0043,s3,coarse_to_fine,1,25.757057542145333
672-122797-0044_8463-294828-0013_4507-16021-0043,s3,coarse_to_fine,2,-19.47517099780613
672-122797-0044_8463-294828-0013_4507-16021-0043,s3,coarse_to_fine,3,-4.1772574837028245
6930-81414-0001_1995-1836-0006_121-121726-0014,s1,no_recursion,1,57.62413163318578
6930-81414-0001_1995-1836-0006_121-121726-0014,s1,no_recursion,2,9.866838927683899
6930-81414-0001_1995-1836-0006_121-121726-0014,s1,no_recursion,3,-9.44432099720173
6930-81414-0001_1995-1836-0006_121-121726-0014,s2,no_recursion,1,inf
6930-81414-0001_1995-1836-0006_121-121726-0014,s2,no_recursion,2,7.032805684890374
6930-81414-0001_1995-1836-0006_121-121726-0014,s2,no_recursion,3,6.31410807833761
6930-81414-0001_1995-1836-0006_121-121726-0014,s3,no_recursion,1,51.89670732422306
6930-81414-0001_1995-1836-0006_121-121726-0014,s3,no_recursion,2,nan
6930-81414-0001_1995-1836-0006_121-121726-0014,s3,no_recursion,3,0.3523098484480035
6930-81414-0001_1995-1836-0006_121-121726-0014,s1,ungated_deflation,1,57.76480053463625
6930-81414-0001_1995-1836-0006_121-121726-0014,s1,ungated_deflation,2,1.928428941060483
6930-81414-0001_1995-1836-0006_121-121726-0014,s1,ungated_deflation,3,-4.405929876277829
6930-81414-0001_1995-1836-0006_121-121726-0014,s2,ungated_deflation,1,inf
6930-81414-0001_1995-1836-0006_121-121726-0014,s2,ungated_deflation,2,7.032805684890374
6930-81414-0001_1995-1836-0006_121-121726-0014,s2,ungated_deflation,3,6.31410807833761
6930-81414-0001_1995-1836-0006_121-121726-0014,s3,ungated_deflation,1,22.706035804032645
6930-81414-0001_1995-1836-0006_121-121726-0014,s3,ungated_deflation,2,nan
6930-81414-0001_1995-1836-0006_121-121726-0014,s3,ungated_deflation,3,-5.363030976465638
6930-81414-0001_1995-1836-0006_121-121726-0014,s1,gated_deflation,1,53.73297725534484
6930-81414-0001_1995-1836-0006_121-121726-0014,s1,gated_deflation,2,2.679899633064127
6930-81414-0001_1995-1836-0006_121-121726-0014,s1,gated_deflation,3,-5.812976686836854
6930-81414-0001_1995-1836-0006_121-121726-0014,s2,gated_deflation,1,inf
6930-81414-0001_1995-1836-0006_121-121726-0014,s2,gated_deflation,2,7.032805684890374
6930-81414-0001_1995-1836-0006_121-121726-0014,s2,gated_deflation,3,6.31410807833761
6930-81414-0001_1995-1836-0006_121-121726-0014,s3,gated_deflation,1,22.706035804032645
6930-81414-0001_1995-1836-0006_121-121726-0014,s3,gated_deflation,2,nan
6930-81414-0001_1995-1836-0006_121-121726-0014,s3,gated_deflation,3,-5.363030976465638
6930-81414-0001_1995-1836-0006_121-121726-0014,s1,coarse_to_fine,1,57.60940610960234
6930-81414-0001_1995-1836-0006_121-121726-0014,s1,coarse_to_fine,2,8.028950990225143
6930-81414-0001_1995-1836-0006_121-121726-0014,s1,coarse_to_fine,3,-9.733949953881329
6930-81414-0001_1995-1836-0006_121-121726-0014,s2,coarse_to_fine,1,inf
6930-81414-0001_1995-1836-0006_121-121726-0014,s2,coarse_to_fine,2,4.920004303803447
6930-81414-0001_1995-1836-0006_121-121726-0014,s2,coarse_to_fine,3,5.45078472275165
6930-81414-0001_1995-1836-0006_121-121726-0014,s3,coarse_to_fine,1,44.111676953664336
6930-81414-0001_1995-1836-0006_121-121726-0014,s3,coarse_to_fine,2,nan
6930-81414-0001_1995-1836-0006_121-121726-0014,s3,coarse_to_fine,3,-11.577137814737739
8555-284449-0002_1995-1837-0004_1089-134686-0002,s1,no_recursion,1,27.640728430942726
8555-284449-0002_1995-1837-0004_1089-134686-0002,s1,no_recursion,2,23.117097634885177
8555-284449-0002_1995-1837-0004_1089-134686-0002,s1,no_recursion,3,-10.751886327076697
8555-284449-0002_1995-1837-0004_1089-134686-0002,s2,no_recursion,1,inf
8555-284449-0002_1995-1837-0004_1089-134686-0002,s2,no_recursion,2,nan
8555-284449-0002_1995-1837-0004_1089-134686-0002,s2,no_recursion,3,6.427619596423698
8555-284449-0002_1995-1837-0004_1089-134686-0002,s3,no_recursion,1,28.57865612591601
8555-284449-0002_1995-1837-0004_1089-134686-0002,s3,no_recursion,2,-10.252016099043457
8555-284449-0002_1995-1837-0004_1089-134686-0002,s3,no_recursion,3,6.182278208507645
8555-284449-0002_1995-1837-0004_1089-134686-0002,s1,ungated_deflation,1,29.869134908466396
8555-284449-0002_1995-1837-0004_1089-134686-0002,s1,ungated_deflation,2,10.828282970325663
8555-284449-0002_1995-1837-0004_1089-134686-0002,s1,ungated_deflation,3,-15.868544399092903
8555-284449-0002_1995-1837-0004_1089-134686-0002,s2,ungated_deflation,1,inf
8555-284449-0002_1995-1837-0004_1089-134686-0002,s2,ungated_deflation,2,nan
8555-284449-0002_1995-1837-0004_1089-134686-0002,s2,ungated_deflation,3,6.427619596423698
8555-284449-0002_1995-1837-0004_1089-134686-0002,s3,ungated_deflation,1,20.473812162429596
8555-284449-0002_1995-1837-0004_1089-134686-0002,s3,ungated_deflation,2,-17.219740389400428
8555-284449-0002_1995-1837-0004_1089-134686-0002,s3,ungated_deflation,3,-5.887266324309268
8555-284449-0002_1995-1837-0004_1089-134686-0002,s1,gated_deflation,1,29.869134908466396
8555-284449-0002_1995-1837-0004_1089-134686-0002,s1,gated_deflation,2,10.828282970325663
8555-284449-0002_1995-1837-0004_1089-134686-0002,s1,gated_deflation,3,-15.868544399092903
8555-284449-0002_1995-1837-0004_1089-134686-0002,s2,gated_deflation,1,inf
8555-284449-0002_1995-1837-0004_1089-134686-0002,s2,gated_deflation,2,nan
8555-284449-0002_1995-1837-0004_1089-134686-0002,s2,gated_deflation,3,6.427619596423698
8555-284449-0002_1995-1837-0004_1089-134686-0002,s3,gated_deflation,1,20.473812162429596
8555-284449-0002_1995-1837-0004_1089-134686-0002,s3,gated_deflation,2,-17.219740389400428
8555-284449-0002_1995-1837-0004_1089-134686-0002,s3,gated_deflation,3,-5.887266324309268
8555-284449-0002_1995-1837-0004_1089-134686-0002,s1,coarse_to_fine,1,27.636137853744632
8555-284449-0002_1995-1837-0004_1089-134686-0002,s1,coarse_to_fine,2,23.595321962514255
8555-284449-0002_1995-1837-0004_1089-134686-0002,s1,coarse_to_fine,3,-11.609592501888642
8555-284449-0002_1995-1837-0004_1089-134686-0002,s2,coarse_to_fine,1,inf
8555-284449-0002_1995-1837-0004_1089-134686-0002,s2,coarse_to_fine,2,nan
8555-284449-0002_1995-1837-0004_1089-134686-0002,s2,coarse_to_fine,3,6.505468405760678
8555-284449-0002_1995-1837-0004_1089-134686-0002,s3,coarse_to_fine,1,32.17063383259388
8555-284449-0002_1995-1837-0004_1089-134686-0002,s3,coarse_to_fine,2,-11.37869212016774
8555-284449-0002_1995-1837-0004_1089-134686-0002,s3,coarse_to_fine,3,4.163010249579604
7021-85628-0027_3575-170457-0025_8555-292519-0010,s1,no_recursion,1,inf
7021-85628-0027_3575-170457-0025_8555-292519-0010,s1,no_recursion,2,-0.37615097203127884
7021-85628-0027_3575-170457-0025_8555-292519-0010,s1,no_recursion,3,1.7500815474486724
7021-85628-0027_3575-170457-0025_8555-292519-0010,s2,no_recursion,1,32.67506257542099
7021-85628-0027_3575-170457-0025_8555-292519-0010,s2,no_recursion,2,10.06543974191337
7021-85628-0027_3575-170457-0025_8555-292519-0010,s2,no_recursion,3,3.5864494303178267
7021-85628-0027_3575-170457-0025_8555-292519-0010,s3,no_recursion,1,37.44341862923497
7021-85628-0027_3575-170457-0025_8555-292519-0010,s3,no_recursion,2,nan
7021-85628-0027_3575-170457-0025_8555-292519-0010,s3,no_recursion,3,-10.976912849478227
7021-85628-0027_3575-170457-0025_8555-292519-0010,s1,ungated_deflation,1,inf
7021-85628-0027_3575-170457-0025_8555-292519-0010,s1,ungated_deflation,2,-0.37615097203127884
7021-85628-0027_3575-170457-0025_8555-292519-0010,s1,ungated_deflation,3,1.7500815474486724
7021-85628-0027_3575-170457-0025_8555-292519-0010,s2,ungated_deflation,1,38.968783672260386
7021-85628-0027_3575-170457-0025_8555-292519-0010,s2,ungated_deflation,2,-2.4213539590945072
7021-85628-0027_3575-170457-0025_8555-292519-0010,s2,ungated_deflation,3,-15.851559945645391
7021-85628-0027_3575-170457-0025_8555-292519-0010,s3,ungated_deflation,1,23.530852488087454
7021-85628-0027_3575-170457-0025_8555-292519-0010,s3,ungated_deflation,2,nan
7021-85628-0027_3575-170457-0025_8555-292519-0010,s3,ungated_deflation,3,-12.57452694509155
7021-85628-0027_3575-170457-0025_8555-292519-0010,s1,gated_deflation,1,inf
7021-85628-0027_3575-170457-0025_8555-292519-0010,s1,gated_deflation,2,-0.37615097203127884
7021-85628-0027_3575-170457-0025_8555-292519-0010,s1,gated_deflation,3,1.7500815474486724
7021-85628-0027_3575-170457-0025_8555-292519-0010,s2,gated_deflation,1,28.864274977677802
7021-85628-0027_3575-170457-0025_8555-292519-0010,s2,gated_deflation,2,-2.843907099358063
7021-85628-0027_3575-170457-0025_8555-292519-0010,s2,gated_deflation,3,-7.87125951787755
7021-85628-0027_3575-170457-0025_8555-292519-0010,s3,gated_deflation,1,23.530852488087454
7021-85628-0027_3575-170457-0025_8555-292519-0010,s3,gated_deflation,2,nan
7021-85628-0027_3575-170457-0025_8555-292519-0010,s3,gated_deflation,3,-12.57452694509155
7021-85628-0027_3575-170457-0025_8555-292519-0010,s1,coarse_to_fine,1,inf
7021-85628-0027_3575-170457-0025_8555-292519-0010,s1,coarse_to_fine,2,-17.93920919449381
7021-85628-0027_3575-170457-0025_8555-292519-0010,s1,coarse_to_fine,3,-6.377379519145219
7021-85628-0027_3575-170457-0025_8555-292519-0010,s2,coarse_to_fine,1,33.721325301454726
7021-85628-0027_3575-170457-0025_8555-292519-0010,s2,coarse_to_fine,2,11.732743947104282
7021-85628-0027_3575-170457-0025_8555-292519-0010,s2,coarse_to_fine,3,4.654797261021554
7021-85628-0027_3575-170457-0025_8555-292519-0010,s3,coarse_to_fine,1,37.984232576335984
7021-85628-0027_3575-170457-0025_8555-292519-0010,s3,coarse_to_fine,2,nan
7021-85628-0027_3575-170457-0025_8555-292519-0010,s3,coarse_to_fine,3,-11.092582991158665
5639-40744-0012_1221-135766-0005_260-123286-0015,s1,no_recursion,1,inf
5639-40744-0012_1221-135766-0005_260-123286-0015,s1,no_recursion,2,9.09104247783215
5639-40744-0012_1221-135766-0005_260-123286-0015,s1,no_recursion,3,-0.681590127545097
5639-40744-0012_1221-135766-0005_260-123286-0015,s2,no_recursion,1,41.875032820279834
5639-40744-0012_1221-135766-0005_260-123286-0015,s2,no_recursion,2,10.309232299157443
5639-40744-0012_1221-135766-0005_260-123286-0015,s2,no_recursion,3,4.456244021058432
5639-40744-0012_1221-135766-0005_260-123286-0015,s3,no_recursion,1,33.13493014734099
5639-40744-0012_1221-135766-0005_260-123286-0015,s3,no_recursion,2,nan
5639-40744-0012_1221-135766-0005_260-123286-0015,s3,no_recursion,3,-0.007384240291689529
5639-40744-0012_1221-135766-0005_260-123286-0015,s1,ungated_deflation,1,inf
5639-40744-0012_1221-135766-0005_260-123286-0015,s1,ungated_deflation,2,9.09104247783215
5639-40744-0012_1221-135766-0005_260-123286-0015,s1,ungated_deflation,3,-0.681590127545097
5639-40744-0012_1221-135766-0005_260-123286-0015,s2,ungated_deflation,1,46.24517798817237
5639-40744-0012_1221-135766-0005_260-123286-0015,s2,ungated_deflation,2,-2.120912949787885
5639-40744-0012_1221-135766-0005_260-123286-0015,s2,ungated_deflation,3,-37.703990157722494
5639-40744-0012_1221-135766-0005_260-123286-0015,s3,ungated_deflation,1,32.11706707992075
5639-40744-0012_1221-135766-0005_260-123286-0015,s3,ungated_deflation,2,nan
5639-40744-0012_1221-135766-0005_260-123286-0015,s3,ungated_deflation,3,-0.6992120603262724
5639-40744-0012_1221-135766-0005_260-123286-0015,s1,gated_deflation,1,inf
5639-40744-0012_1221-135766-0005_260-123286-0015,s1,gated_deflation,2,9.09104247783215
5639-40744-0012_1221-135766-0005_260-123286-0015,s1,gated_deflation,3,-0.681590127545097
5639-40744-0012_1221-135766-0005_260-123286-0015,s2,gated_deflation,1,46.24517798817237
5639-40744-0012_1221-135766-0005_260-123286-0015,s2,gated_deflation,2,-2.120912949787885
5639-40744-0012_1221-135766-0005_260-123286-0015,s2,gated_deflation,3,-37.703990157722494
5639-40744-0012_1221-135766-0005_260-123286-0015,s3,gated_deflation,1,32.11706707992075
5639-40744-0012_1221-135766-0005_260-123286-0015,s3,gated_deflation,2,nan
5639-40744-0012_1221-135766-0005_260-123286-0015,s3,gated_deflation,3,-0.6992120603262724
5639-40744-0012_1221-135766-0005_260-123286-0015,s1,coarse_to_fine,1,inf
5639-40744-0012_1221-135766-0005_260-123286-0015,s1,coarse_to_fine,2,8.328038312825386
5639-40744-0012_1221-135766-0005_260-123286-0015,s1,coarse_to_fine,3,-0.8248398522935263
5639-40744-0012_1221-135766-0005_260-123286-0015,s2,coarse_to_fine,1,39.821614550771656
5639-40744-0012_1221-135766-0005_260-123286-0015,s2,coarse_to_fine,2,10.370504937802492
5639-40744-0012_1221-135766-0005_260-123286-0015,s2,coarse_to_fine,3,3.1824542413466554
5639-40744-0012_1221-135766-0005_260-123286-0015,s3,coarse_to_fine,1,32.79597072495733
5639-40744-0012_1221-135766-0005_260-123286-0015,s3,coarse_to_fine,2,nan
5639-40744-0012_1221-135766-0005_260-123286-0015,s3,coarse_to_fine,3,0.025402050193362953
260-123286-0003_1221-135766-0008_2830-3980-0067,s1,no_recursion,1,inf
260-123286-0003_1221-135766-0008_2830-3980-0067,s1,no_recursion,2,nan
260-123286-0003_1221-135766-0008_2830-3980-0067,s1,no_recursion,3,-4.601217257976219
260-123286-0003_1221-135766-0008_2830-3980-0067,s2,no_recursion,1,36.43043487785763
260-123286-0003_1221-135766-0008_2830-3980-0067,s2,no_recursion,2,4.074036214977991
260-123286-0003_1221-135766-0008_2830-3980-0067,s2,no_recursion,3,-1.8640973005320025
260-123286-0003_1221-135766-0008_2830-3980-0067,s3,no_recursion,1,42.23956038748382
260-123286-0003_1221-135766-0008_2830-3980-0067,s3,no_recursion,2,-2.974990986969857
260-123286-0003_1221-135766-0008_2830-3980-0067,s3,no_recursion,3,-3.500694648173109
260-123286-0003_1221-135766-0008_2830-3980-0067,s1,ungated_deflation,1,inf
260-123286-0003_1221-135766-0008_2830-3980-0067,s1,ungated_deflation,2,nan
260-123286-0003_1221-135766-0008_2830-3980-0067,s1,ungated_deflation,3,-4.601217257976219
260-123286-0003_1221-135766-0008_2830-3980-0067,s2,ungated_deflation,1,23.49437295038182
260-123286-0003_1221-135766-0008_2830-3980-0067,s2,ungated_deflation,2,3.302176682348032
260-123286-0003_1221-135766-0008_2830-3980-0067,s2,ungated_deflation,3,-21.550684195273465
260-123286-0003_1221-135766-0008_2830-3980-0067,s3,ungated_deflation,1,38.27512386674438
260-123286-0003_1221-135766-0008_2830-3980-0067,s3,ungated_deflation,2,-1.2854349712597093
260-123286-0003_1221-135766-0008_2830-3980-0067,s3,ungated_deflation,3,-10.769210764514781
260-123286-0003_1221-135766-0008_2830-3980-0067,s1,gated_deflation,1,inf
260-123286-0003_1221-135766-0008_2830-3980-0067,s1,gated_deflation,2,nan
260-123286-0003_1221-135766-0008_2830-3980-0067,s1,gated_deflation,3,-4.601217257976219
260-123286-0003_1221-135766-0008_2830-3980-0067,s2,gated_deflation,1,25.26204097107215
260-123286-0003_1221-135766-0008_2830-3980-0067,s2,gated_deflation,2,2.9290288329425667
260-123286-0003_1221-135766-0008_2830-3980-0067,s2,gated_deflation,3,-4.35183029574125
260-123286-0003_1221-135766-0008_2830-3980-0067,s3,gated_deflation,1,42.23956038748382
260-123286-0003_1221-135766-0008_2830-3980-0067,s3,gated_deflation,2,-2.974990986969857
260-123286-0003_1221-135766-0008_2830-3980-0067,s3,gated_deflation,3,-3.500694648173109
260-123286-0003_1221-135766-0008_2830-3980-0067,s1,coarse_to_fine,1,inf
260-123286-0003_1221-135766-0008_2830-3980-0067,s1,coarse_to_fine,2,nan
260-123286-0003_1221-135766-0008_2830-3980-0067,s1,coarse_to_fine,3,-4.703903467954857
260-123286-0003_1221-135766-0008_2830-3980-0067,s2,coarse_to_fine,1,36.53856929582443
260-123286-0003_1221-135766-0008_2830-3980-0067,s2,coarse_to_fine,2,3.5306421346297197
260-123286-0003_1221-135766-0008_2830-3980-0067,s2,coarse_to_fine,3,-3.8260934875827735
260-123286-0003_1221-135766-0008_2830-3980-0067,s3,coarse_to_fine,1,42.01457992964485
260-123286-0003_1221-135766-0008_2830-3980-0067,s3,coarse_to_fine,2,-3.712684640756046
260-123286-0003_1221-135766-0008_2830-3980-0067,s3,coarse_to_fine,3,-4.325326802961248
260-123286-0005_4992-41797-0009_61-70968-0030,s1,no_recursion,1,inf
260-123286-0005_4992-41797-0009_61-70968-0030,s1,no_recursion,2,nan
260-123286-0005_4992-41797-0009_61-70968-0030,s1,no_recursion,3,-6.468051027411935
260-123286-0005_4992-41797-0009_61-70968-0030,s2,no_recursion,1,30.571024328118504
260-123286-0005_4992-41797-0009_61-70968-0030,s2,no_recursion,2,10.748293113755116
260-123286-0005_4992-41797-0009_61-70968-0030,s2,no_recursion,3,-1.0157748648924274
260-123286-0005_4992-41797-0009_61-70968-0030,s3,no_recursion,1,29.340530580960976
260-123286-0005_4992-41797-0009_61-70968-0030,s3,no_recursion,2,10.827167246998684
260-123286-0005_4992-41797-0009_61-70968-0030,s3,no_recursion,3,5.296232636553329
260-123286-0005_4992-41797-0009_61-70968-0030,s1,ungated_deflation,1,inf
260-123286-0005_4992-41797-0009_61-70968-0030,s1,ungated_deflation,2,nan
260-123286-0005_4992-41797-0009_61-70968-0030,s1,ungated_deflation,3,-6.468051027411935
260-123286-0005_4992-41797-0009_61-70968-0030,s2,ungated_deflation,1,33.918745738985315
260-123286-0005_4992-41797-0009_61-70968-0030,s2,ungated_deflation,2,1.0088117871529918
260-123286-0005_4992-41797-0009_61-70968-0030,s2,ungated_deflation,3,-13.587142724989839
260-123286-0005_4992-41797-0009_61-70968-0030,s3,ungated_deflation,1,25.67692213678064
260-123286-0005_4992-41797-0009_61-70968-0030,s3,ungated_deflation,2,9.189082596809735
260-123286-0005_4992-41797-0009_61-70968-0030,s3,ungated_deflation,3,3.595675522234179
260-123286-0005_4992-41797-0009_61-70968-0030,s1,gated_deflation,1,inf
260-123286-0005_4992-41797-0009_61-70968-0030,s1,gated_deflation,2,nan
260-123286-0005_4992-41797-0009_61-70968-0030,s1,gated_deflation,3,-6.468051027411935
260-123286-0005_4992-41797-0009_61-70968-0030,s2,gated_deflation,1,28.47802398134047
260-123286-0005_4992-41797-0009_61-70968-0030,s2,gated_deflation,2,3.597536279085825
260-123286-0005_4992-41797-0009_61-70968-0030,s2,gated_deflation,3,-7.0525873278706666
260-123286-0005_4992-41797-0009_61-70968-0030,s3,gated_deflation,1,29.340530580960976
260-123286-0005_4992-41797-0009_61-70968-0030,s3,gated_deflation,2,10.827167246998684
260-123286-0005_4992-41797-0009_61-70968-0030,s3,gated_deflation,3,5.296232636553329
260-123286-0005_4992-41797-0009_61-70968-0030,s1,coarse_to_fine,1,inf
260-123286-0005_4992-41797-0009_61-70968-0030,s1,coarse_to_fine,2,nan
260-123286-0005_4992-41797-0009_61-70968-0030,s1,coarse_to_fine,3,-7.866848307572974
260-123286-0005_4992-41797-0009_61-70968-0030,s2,coarse_to_fine,1,31.661053130335585
260-123286-0005_4992-41797-0009_61-70968-0030,s2,coarse_to_fine,2,10.339328803411572
260-123286-0005_4992-41797-0009_61-70968-0030,s2,coarse_to_fine,3,-1.3259370139885363
260-123286-0005_4992-41797-0009_61-70968-0030,s3,coarse_to_fine,1,26.202679414693794
260-123286-0005_4992-41797-0009_61-70968-0030,s3,coarse_to_fine,2,10.49349269816135
260-123286-0005_4992-41797-0009_61-70968-0030,s3,coarse_to_fine,3,5.764957328036705
61-70970-0033_4446-2271-0021_1089-134691-0025,s1,no_recursion,1,inf
61-70970-0033_4446-2271-0021_1089-134691-0025,s1,no_recursion,2,nan
61-70970-0033_4446-2271-0021_1089-134691-0025,s1,no_recursion,3,1.8411539933291243
61-70970-0033_4446-2271-0021_1089-134691-0025,s2,no_recursion,1,inf
61-70970-0033_4446-2271-0021_1089-134691-0025,s2,no_recursion,2,-39.74602416257287
61-70970-0033_4446-2271-0021_1089-134691-0025,s2,no_recursion,3,0.6661903632507338
61-70970-0033_4446-2271-0021_1089-134691-0025,s3,no_recursion,1,41.57410152521373
61-70970-0033_4446-2271-0021_1089-134691-0025,s3,no_recursion,2,20.896792128325753
61-70970-0033_4446-2271-0021_1089-134691-0025,s3,no_recursion,3,-4.182041723165856
61-70970-0033_4446-2271-0021_1089-134691-0025,s1,ungated_deflation,1,inf
61-70970-0033_4446-2271-0021_1089-134691-0025,s1,ungated_deflation,2,nan
61-70970-0033_4446-2271-0021_1089-134691-0025,s1,ungated_deflation,3,1.8411539933291243
61-70970-0033_4446-2271-0021_1089-134691-0025,s2,ungated_deflation,1,inf
61-70970-0033_4446-2271-0021_1089-134691-0025,s2,ungated_deflation,2,-33.18298735049095
61-70970-0033_4446-2271-0021_1089-134691-0025,s2,ungated_deflation,3,-6.751848724411462
61-70970-0033_4446-2271-0021_1089-134691-0025,s3,ungated_deflation,1,15.843298236886586
61-70970-0033_4446-2271-0021_1089-134691-0025,s3,ungated_deflation,2,6.4338995310697475
61-70970-0033_4446-2271-0021_1089-134691-0025,s3,ungated_deflation,3,-19.802001989690073
61-70970-0033_4446-2271-0021_1089-134691-0025,s1,gated_deflation,1,inf
61-70970-0033_4446-2271-0021_1089-134691-0025,s1,gated_deflation,2,nan
61-70970-0033_4446-2271-0021_1089-134691-0025,s1,gated_deflation,3,1.8411539933291243
61-70970-0033_4446-2271-0021_1089-134691-0025,s2,gated_deflation,1,inf
61-70970-0033_4446-2271-0021_1089-134691-0025,s2,gated_deflation,2,-33.18298735049095
61-70970-0033_4446-2271-0021_1089-134691-0025,s2,gated_deflation,3,-6.751848724411462
61-70970-0033_4446-2271-0021_1089-134691-0025,s3,gated_deflation,1,29.461479084269623
61-70970-0033_4446-2271-0021_1089-134691-0025,s3,gated_deflation,2,8.111764173827417
61-70970-0033_4446-2271-0021_1089-134691-0025,s3,gated_deflation,3,-5.362885486375243
61-70970-0033_4446-2271-0021_1089-134691-0025,s1,coarse_to_fine,1,inf
61-70970-0033_4446-2271-0021_1089-134691-0025,s1,coarse_to_fine,2,nan
61-70970-0033_4446-2271-0021_1089-134691-0025,s1,coarse_to_fine,3,2.2023391694463976
61-70970-0033_4446-2271-0021_1089-134691-0025,s2,coarse_to_fine,1,inf
61-70970-0033_4446-2271-0021_1089-134691-0025,s2,coarse_to_fine,2,-35.34507896129368
61-70970-0033_4446-2271-0021_1089-134691-0025,s2,coarse_to_fine,3,1.4113895129590448
61-70970-0033_4446-2271-0021_1089-134691-0025,s3,coarse_to_fine,1,38.22484787705776
61-70970-0033_4446-2271-0021_1089-134691-0025,s3,coarse_to_fine,2,21.379629402445545
61-70970-0033_4446-2271-0021_1089-134691-0025,s3,coarse_to_fine,3,-4.928557027152188
7021-79730-0006_5142-36586-0000_2300-131720-0009,s1,no_recursion,1,27.606706544660177
7021-79730-0006_5142-36586-0000_2300-131720-0009,s1,no_recursion,2,-6.912848009985347
7021-79730-0006_5142-36586-0000_2300-131720-0009,s1,no_recursion,3,-6.323801521184052
7021-79730-0006_5142-36586-0000_2300-131720-0009,s2,no_recursion,1,inf
7021-79730-0006_5142-36586-0000_2300-131720-0009,s2,no_recursion,2,nan
7021-79730-0006_5142-36586-0000_2300-131720-0009,s2,no_recursion,3,-2.555426723956491
7021-79730-0006_5142-36586-0000_2300-131720-0009,s3,no_recursion,1,34.44118679674939
7021-79730-0006_5142-36586-0000_2300-131720-0009,s3,no_recursion,2,5.803080377417583
7021-79730-0006_5142-36586-0000_2300-131720-0009,s3,no_recursion,3,4.198217361450956
7021-79730-0006_5142-36586-0000_2300-131720-0009,s1,ungated_deflation,1,17.354712531432696
7021-79730-0006_5142-36586-0000_2300-131720-0009,s1,ungated_deflation,2,-5.9664135865218135
7021-79730-0006_5142-36586-0000_2300-131720-0009,s1,ungated_deflation,3,-13.059751112802566
7021-79730-0006_5142-36586-0000_2300-131720-0009,s2,ungated_deflation,1,inf
7021-79730-0006_5142-36586-0000_2300-131720-0009,s2,ungated_deflation,2,nan
7021-79730-0006_5142-36586-0000_2300-131720-0009,s2,ungated_deflation,3,-2.555426723956491
7021-79730-0006_5142-36586-0000_2300-131720-0009,s3,ungated_deflation,1,25.838244381287176
7021-79730-0006_5142-36586-0000_2300-131720-0009,s3,ungated_deflation,2,5.816367935863057
7021-79730-0006_5142-36586-0000_2300-131720-0009,s3,ungated_deflation,3,-1.1778960114431238
7021-79730-0006_5142-36586-0000_2300-131720-0009,s1,gated_deflation,1,17.354712531432696
7021-79730-0006_5142-36586-0000_2300-131720-0009,s1,gated_deflation,2,-5.9664135865218135
7021-79730-0006_5142-36586-0000_2300-131720-0009,s1,gated_deflation,3,-13.059751112802566
7021-79730-0006_5142-36586-0000_2300-131720-0009,s2,gated_deflation,1,inf
7021-79730-0006_5142-36586-0000_2300-131720-0009,s2,gated_deflation,2,nan
7021-79730-0006_5142-36586-0000_2300-131720-0009,s2,gated_deflation,3,-2.555426723956491
7021-79730-0006_5142-36586-0000_2300-131720-0009,s3,gated_deflation,1,25.838244381287176
7021-79730-0006_5142-36586-0000_2300-131720-0009,s3,gated_deflation,2,5.816367935863057
7021-79730-0006_5142-36586-0000_2300-131720-0009,s3,gated_deflation,3,-1.1778960114431238
7021-79730-0006_5142-36586-0000_2300-131720-0009,s1,coarse_to_fine,1,27.726210587328733
7021-79730-0006_5142-36586-0000_2300-131720-0009,s1,coarse_to_fine,2,-7.310269271188089
7021-79730-0006_5142-36586-0000_2300-131720-0009,s1,coarse_to_fine,3,-6.518910301729484
7021-79730-0006_5142-36586-0000_2300-131720-0009,s2,coarse_to_fine,1,inf
7021-79730-0006_5142-36586-0000_2300-131720-0009,s2,coarse_to_fine,2,nan
7021-79730-0006_5142-36586-0000_2300-131720-0009,s2,coarse_to_fine,3,-3.471182748826509
7021-79730-0006_5142-36586-0000_2300-131720-0009,s3,coarse_to_fine,1,34.170679082862335
7021-79730-0006_5142-36586-0000_2300-131720-0009,s3,coarse_to_fine,2,5.535856875168509
7021-79730-0006_5142-36586-0000_2300-131720-0009,s3,coarse_to_fine,3,4.152268280634144
6829-68771-0022_1221-135766-0014_5683-32865-0004,s1,no_recursion,1,inf
6829-68771-0022_1221-135766-0014_5683-32865-0004,s1,no_recursion,2,nan
6829-68771-0022_1221-135766-0014_5683-32865-0004,s1,no_recursion,3,-6.0705554787833425
6829-68771-0022_1221-135766-0014_5683-32865-0004,s2,no_recursion,1,inf
6829-68771-0022_1221-135766-0014_5683-32865-0004,s2,no_recursion,2,-5.031502644121227
6829-68771-0022_1221-135766-0014_5683-32865-0004,s2,no_recursion,3,-2.395328083936486
6829-68771-0022_1221-135766-0014_5683-32865-0004,s3,no_recursion,1,34.60806333700657
6829-68771-0022_1221-135766-0014_5683-32865-0004,s3,no_recursion,2,-0.27362004779462995
6829-68771-0022_1221-135766-0014_5683-32865-0004,s3,no_recursion,3,-9.560256043083166
6829-68771-0022_1221-135766-0014_5683-32865-0004,s1,ungated_deflation,1,inf
6829-68771-0022_1221-135766-0014_5683-32865-0004,s1,ungated_deflation,2,nan
6829-68771-0022_1221-135766-0014_5683-32865-0004,s1,ungated_deflation,3,-6.0705554787833425
6829-68771-0022_1221-135766-0014_5683-32865-0004,s2,ungated_deflation,1,inf
6829-68771-0022_1221-135766-0014_5683-32865-0004,s2,ungated_deflation,2,-4.523492714196692
6829-68771-0022_1221-135766-0014_5683-32865-0004,s2,ungated_deflation,3,-37.807090686955945
6829-68771-0022_1221-135766-0014_5683-32865-0004,s3,ungated_deflation,1,21.416612324145213
6829-68771-0022_1221-135766-0014_5683-32865-0004,s3,ungated_deflation,2,-1.7293872647843755
6829-68771-0022_1221-135766-0014_5683-32865-0004,s3,ungated_deflation,3,-8.623672346820898
6829-68771-0022_1221-135766-0014_5683-32865-0004,s1,gated_deflation,1,inf
6829-68771-0022_1221-135766-0014_5683-32865-0004,s1,gated_deflation,2,nan
6829-68771-0022_1221-135766-0014_5683-32865-0004,s1,gated_deflation,3,-6.0705554787833425
6829-68771-0022_1221-135766-0014_5683-32865-0004,s2,gated_deflation,1,inf
6829-68771-0022_1221-135766-0014_5683-32865-0004,s2,gated_deflation,2,-5.031502644121227
6829-68771-0022_1221-135766-0014_5683-32865-0004,s2,gated_deflation,3,-2.395328083936486
6829-68771-0022_1221-135766-0014_5683-32865-0004,s3,gated_deflation,1,34.60806333700657
6829-68771-0022_1221-135766-0014_5683-32865-0004,s3,gated_deflation,2,-0.27362004779462995
6829-68771-0022_1221-135766-0014_5683-32865-0004,s3,gated_deflation,3,-9.560256043083166
6829-68771-0022_1221-135766-0014_5683-32865-0004,s1,coarse_to_fine,1,inf
6829-68771-0022_1221-135766-0014_5683-32865-0004,s1,coarse_to_fine,2,nan
6829-68771-0022_1221-135766-0014_5683-32865-0004,s1,coarse_to_fine,3,-5.624540923319636
6829-68771-0022_1221-135766-0014_5683-32865-0004,s2,coarse_to_fine,1,inf
6829-68771-0022_1221-135766-0014_5683-32865-0004,s2,coarse_to_fine,2,-5.173721769632982
6829-68771-0022_1221-135766-0014_5683-32865-0004,s2,coarse_to_fine,3,-2.8353049132563175
6829-68771-0022_1221-135766-0014_5683-32865-0004,s3,coarse_to_fine,1,35.332684364751096
6829-68771-0022_1221-135766-0014_5683-32865-0004,s3,coarse_to_fine,2,-4.529602178600128
6829-68771-0022_1221-135766-0014_5683-32865-0004,s3,coarse_to_fine,3,-10.95026548718347
4446-2275-0013_908-157963-0000_1284-1180-0030,s1,no_recursion,1,inf
4446-2275-0013_908-157963-0000_1284-1180-0030,s1,no_recursion,2,nan
4446-2275-0013_908-157963-0000_1284-1180-0030,s1,no_recursion,3,-10.298972125815094
4446-2275-0013_908-157963-0000_1284-1180-0030,s2,no_recursion,1,inf
4446-2275-0013_908-157963-0000_1284-1180-0030,s2,no_recursion,2,6.969573079394866
4446-2275-0013_908-157963-0000_1284-1180-0030,s2,no_recursion,3,0.8262906716531172
4446-2275-0013_908-157963-0000_1284-1180-0030,s3,no_recursion,1,42.625253991830306
4446-2275-0013_908-157963-0000_1284-1180-0030,s3,no_recursion,2,7.834363013789144
4446-2275-0013_908-157963-0000_1284-1180-0030,s3,no_recursion,3,4.882512970056449
4446-2275-0013_908-157963-0000_1284-1180-0030,s1,ungated_deflation,1,inf
4446-2275-0013_908-157963-0000_1284-1180-0030,s1,ungated_deflation,2,nan
4446-2275-0013_908-157963-0000_1284-1180-0030,s1,ungated_deflation,3,-10.298972125815094
4446-2275-0013_908-157963-0000_1284-1180-0030,s2,ungated_deflation,1,inf
4446-2275-0013_908-157963-0000_1284-1180-0030,s2,ungated_deflation,2,6.87099975543042
4446-2275-0013_908-157963-0000_1284-1180-0030,s2,ungated_deflation,3,-7.067299111492918
4446-2275-0013_908-157963-0000_1284-1180-0030,s3,ungated_deflation,1,19.833833862511668
4446-2275-0013_908-157963-0000_1284-1180-0030,s3,ungated_deflation,2,-1.9314739249348991
4446-2275-0013_908-157963-0000_1284-1180-0030,s3,ungated_deflation,3,-4.391821398176083
4446-2275-0013_908-157963-0000_1284-1180-0030,s1,gated_deflation,1,inf
4446-2275-0013_908-157963-0000_1284-1180-0030,s1,gated_deflation,2,nan
4446-2275-0013_908-157963-0000_1284-1180-0030,s1,gated_deflation,3,-10.298972125815094
4446-2275-0013_908-157963-0000_1284-1180-0030,s2,gated_deflation,1,inf
4446-2275-0013_908-157963-0000_1284-1180-0030,s2,gated_deflation,2,6.969573079394866
4446-2275-0013_908-157963-0000_1284-1180-0030,s2,gated_deflation,3,0.8262906716531172
4446-2275-0013_908-157963-0000_1284-1180-0030,s3,gated_deflation,1,18.13852971157013
4446-2275-0013_908-157963-0000_1284-1180-0030,s3,gated_deflation,2,-3.0348726877345507
4446-2275-0013_908-157963-0000_1284-1180-0030,s3,gated_deflation,3,-1.932365003602449
4446-2275-0013_908-157963-0000_1284-1180-0030,s1,coarse_to_fine,1,inf
4446-2275-0013_908-157963-0000_1284-1180-0030,s1,coarse_to_fine,2,nan
4446-2275-0013_908-157963-0000_1284-1180-0030,s1,coarse_to_fine,3,-15.811444644009832
4446-2275-0013_908-157963-0000_1284-1180-0030,s2,coarse_to_fine,1,inf
4446-2275-0013_908-157963-0000_1284-1180-0030,s2,coarse_to_fine,2,8.654250067705886
4446-2275-0013_908-157963-0000_1284-1180-0030,s2,coarse_to_fine,3,2.4806879424365778
4446-2275-0013_908-157963-0000_1284-1180-0030,s3,coarse_to_fine,1,41.3107669721789
4446-2275-0013_908-157963-0000_1284-1180-0030,s3,coarse_to_fine,2,7.038911732583134
4446-2275-0013_908-157963-0000_1284-1180-0030,s3,coarse_to_fine,3,5.240992278522984
7176-92135-0002_2830-3979-0001_4446-2271-0016,s1,no_recursion,1,inf
7176-92135-0002_2830-3979-0001_4446-2271-0016,s1,no_recursion,2,nan
7176-92135-0002_2830-3979-0001_4446-2271-0016,s1,no_recursion,3,-7.09287032339621
7176-92135-0002_2830-3979-0001_4446-2271-0016,s2,no_recursion,1,66.10222283388421
7176-92135-0002_2830-3979-0001_4446-2271-0016,s2,no_recursion,2,-3.389856467701528
7176-92135-0002_2830-3979-0001_4446-2271-0016,s2,no_recursion,3,-1.1768347288526808
7176-92135-0002_2830-3979-0001_4446-2271-0016,s3,no_recursion,1,28.005759106166465
7176-92135-0002_2830-3979-0001_4446-2271-0016,s3,no_recursion,2,8.104453487244754
7176-92135-0002_2830-3979-0001_4446-2271-0016,s3,no_recursion,3,3.42312476701848
7176-92135-0002_2830-3979-0001_4446-2271-0016,s1,ungated_deflation,1,inf
7176-92135-0002_2830-3979-0001_4446-2271-0016,s1,ungated_deflation,2,nan
7176-92135-0002_2830-3979-0001_4446-2271-0016,s1,ungated_deflation,3,-7.09287032339621
7176-92135-0002_2830-3979-0001_4446-2271-0016,s2,ungated_deflation,1,48.599080386882164
7176-92135-0002_2830-3979-0001_4446-2271-0016,s2,ungated_deflation,2,-6.719301888827841
7176-92135-0002_2830-3979-0001_4446-2271-0016,s2,ungated_deflation,3,-1.6147942390315726
7176-92135-0002_2830-3979-0001_4446-2271-0016,s3,ungated_deflation,1,15.496490262040494
7176-92135-0002_2830-3979-0001_4446-2271-0016,s3,ungated_deflation,2,7.297094880169369
7176-92135-0002_2830-3979-0001_4446-2271-0016,s3,ungated_deflation,3,-2.3962630430384264
7176-92135-0002_2830-3979-0001_4446-2271-0016,s1,gated_deflation,1,inf
7176-92135-0002_2830-3979-0001_4446-2271-0016,s1,gated_deflation,2,nan
7176-92135-0002_2830-3979-0001_4446-2271-0016,s1,gated_deflation,3,-7.09287032339621
7176-92135-0002_2830-3979-0001_4446-2271-0016,s2,gated_deflation,1,66.10222283388421
7176-92135-0002_2830-3979-0001_4446-2271-0016,s2,gated_deflation,2,-3.389856467701528
7176-92135-0002_2830-3979-0001_4446-2271-0016,s2,gated_deflation,3,-1.1768347288526808
7176-92135-0002_2830-3979-0001_4446-2271-0016,s3,gated_deflation,1,28.005759106166465
7176-92135-0002_2830-3979-0001_4446-2271-0016,s3,gated_deflation,2,8.104453487244754
7176-92135-0002_2830-3979-0001_4446-2271-0016,s3,gated_deflation,3,3.42312476701848
7176-92135-0002_2830-3979-0001_4446-2271-0016,s1,coarse_to_fine,1,inf
7176-92135-0002_2830-3979-0001_4446-2271-0016,s1,coarse_to_fine,2,nan
7176-92135-0002_2830-3979-0001_4446-2271-0016,s1,coarse_to_fine,3,-5.4852932594983494
7176-92135-0002_2830-3979-0001_4446-2271-0016,s2,coarse_to_fine,1,65.57792580073975
7176-92135-0002_2830-3979-0001_4446-2271-0016,s2,coarse_to_fine,2,-3.179492720002259
7176-92135-0002_2830-3979-0001_4446-2271-0016,s2,coarse_to_fine,3,-1.5431358550764411
7176-92135-0002_2830-3979-0001_4446-2271-0016,s3,coarse_to_fine,1,28.55391108782637
7176-92135-0002_2830-3979-0001_4446-2271-0016,s3,coarse_to_fine,2,5.92668543869693
7176-92135-0002_2830-3979-0001_4446-2271-0016,s3,coarse_to_fine,3,0.7225275421123867
61-70970-0011_8555-284447-0003_8224-274381-0000,s1,no_recursion,1,inf
61-70970-0011_8555-284447-0003_8224-274381-0000,s1,no_recursion,2,7.54991209234365
61-70970-0011_8555-284447-0003_8224-274381-0000,s1,no_recursion,3,-1.0021996053062074
61-70970-0011_8555-284447-0003_8224-274381-0000,s2,no_recursion,1,inf
61-70970-0011_8555-284447-0003_8224-274381-0000,s2,no_recursion,2,nan
61-70970-0011_8555-284447-0003_8224-274381-0000,s2,no_recursion,3,0.05513855650677482
61-70970-0011_8555-284447-0003_8224-274381-0000,s3,no_recursion,1,31.68628652536333
61-70970-0011_8555-284447-0003_8224-274381-0000,s3,no_recursion,2,2.1569647216488272
61-70970-0011_8555-284447-0003_8224-274381-0000,s3,no_recursion,3,-1.8458156528429617
61-70970-0011_8555-284447-0003_8224-274381-0000,s1,ungated_deflation,1,inf
61-70970-0011_8555-284447-0003_8224-274381-0000,s1,ungated_deflation,2,7.54991209234365
61-70970-0011_8555-284447-0003_8224-274381-0000,s1,ungated_deflation,3,-1.0021996053062074
61-70970-0011_8555-284447-0003_8224-274381-0000,s2,ungated_deflation,1,inf
61-70970-0011_8555-284447-0003_8224-274381-0000,s2,ungated_deflation,2,nan
61-70970-0011_8555-284447-0003_8224-274381-0000,s2,ungated_deflation,3,-5.775414298496999
61-70970-0011_8555-284447-0003_8224-274381-0000,s3,ungated_deflation,1,17.700664313283305
61-70970-0011_8555-284447-0003_8224-274381-0000,s3,ungated_deflation,2,-6.705630824646529
61-70970-0011_8555-284447-0003_8224-274381-0000,s3,ungated_deflation,3,-5.925357479762329
61-70970-0011_8555-284447-0003_8224-274381-0000,s1,gated_deflation,1,inf
61-70970-0011_8555-284447-0003_8224-274381-0000,s1,gated_deflation,2,7.54991209234365
61-70970-0011_8555-284447-0003_8224-274381-0000,s1,gated_deflation,3,-1.0021996053062074
61-70970-0011_8555-284447-0003_8224-274381-0000,s2,gated_deflation,1,inf
61-70970-0011_8555-284447-0003_8224-274381-0000,s2,gated_deflation,2,nan
61-70970-0011_8555-284447-0003_8224-274381-0000,s2,gated_deflation,3,-5.775414298496999
61-70970-0011_8555-284447-0003_8224-274381-0000,s3,gated_deflation,1,18.853626198961145
61-70970-0011_8555-284447-0003_8224-274381-0000,s3,gated_deflation,2,-11.334942077749607
61-70970-0011_8555-284447-0003_8224-274381-0000,s3,gated_deflation,3,-2.3828302706552504
61-70970-0011_8555-284447-0003_8224-274381-0000,s1,coarse_to_fine,1,inf
61-70970-0011_8555-284447-0003_8224-274381-0000,s1,coarse_to_fine,2,10.52024860331721
61-70970-0011_8555-284447-0003_8224-274381-0000,s1,coarse_to_fine,3,2.493720528875312
61-70970-0011_8555-284447-0003_8224-274381-0000,s2,coarse_to_fine,1,inf
61-70970-0011_8555-284447-0003_8224-274381-0000,s2,coarse_to_fine,2,nan
61-70970-0011_8555-284447-0003_8224-274381-0000,s2,coarse_to_fine,3,-0.1123176772514291
61-70970-0011_8555-284447-0003_8224-274381-0000,s3,coarse_to_fine,1,32.90655057031752
61-70970-0011_8555-284447-0003_8224-274381-0000,s3,coarse_to_fine,2,2.5604257796335035
61-70970-0011_8555-284447-0003_8224-274381-0000,s3,coarse_to_fine,3,-1.1442194855524488
61-70968-0004_1284-1180-0005_2094-142345-0006,s1,no_recursion,1,inf
61-70968-0004_1284-1180-0005_2094-142345-0006,s1,no_recursion,2,nan
61-70968-0004_1284-1180-0005_2094-142345-0006,s1,no_recursion,3,-0.6583930855265002
61-70968-0004_1284-1180-0005_2094-142345-0006,s2,no_recursion,1,inf
61-70968-0004_1284-1180-0005_2094-142345-0006,s2,no_recursion,2,4.7286285071799075
61-70968-0004_1284-1180-0005_2094-142345-0006,s2,no_recursion,3,-0.6245321987047314
61-70968-0004_1284-1180-0005_2094-142345-0006,s3,no_recursion,1,38.241917338023846
61-70968-0004_1284-1180-0005_2094-142345-0006,s3,no_recursion,2,6.591036166751834
61-70968-0004_1284-1180-0005_2094-142345-0006,s3,no_recursion,3,-4.826983502830821
61-70968-0004_1284-1180-0005_2094-142345-0006,s1,ungated_deflation,1,inf
61-70968-0004_1284-1180-0005_2094-142345-0006,s1,ungated_deflation,2,nan
61-70968-0004_1284-1180-0005_2094-142345-0006,s1,ungated_deflation,3,-0.6583930855265002
61-70968-0004_1284-1180-0005_2094-142345-0006,s2,ungated_deflation,1,inf
61-70968-0004_1284-1180-0005_2094-142345-0006,s2,ungated_deflation,2,-2.5945902578483566
61-70968-0004_1284-1180-0005_2094-142345-0006,s2,ungated_deflation,3,-3.613379930528064
61-70968-0004_1284-1180-0005_2094-142345-0006,s3,ungated_deflation,1,13.952047018613916
61-70968-0004_1284-1180-0005_2094-142345-0006,s3,ungated_deflation,2,-2.1598487059010556
61-70968-0004_1284-1180-0005_2094-142345-0006,s3,ungated_deflation,3,-17.38673699177573
61-70968-0004_1284-1180-0005_2094-142345-0006,s1,gated_deflation,1,inf
61-70968-0004_1284-1180-0005_2094-142345-0006,s1,gated_deflation,2,nan
61-70968-0004_1284-1180-0005_2094-142345-0006,s1,gated_deflation,3,-0.6583930855265002
61-70968-0004_1284-1180-0005_2094-142345-0006,s2,gated_deflation,1,inf
61-70968-0004_1284-1180-0005_2094-142345-0006,s2,gated_deflation,2,-2.5945902578483566
61-70968-0004_1284-1180-0005_2094-142345-0006,s2,gated_deflation,3,-3.613379930528064
61-70968-0004_1284-1180-0005_2094-142345-0006,s3,gated_deflation,1,35.10638769198411
61-70968-0004_1284-1180-0005_2094-142345-0006,s3,gated_deflation,2,2.5210518914279527
61-70968-0004_1284-1180-0005_2094-142345-0006,s3,gated_deflation,3,-9.139417396853183
61-70968-0004_1284-1180-0005_2094-142345-0006,s1,coarse_to_fine,1,inf
61-70968-0004_1284-1180-0005_2094-142345-0006,s1,coarse_to_fine,2,nan
61-70968-0004_1284-1180-0005_2094-142345-0006,s1,coarse_to_fine,3,-0.3255528237908749
61-70968-0004_1284-1180-0005_2094-142345-0006,s2,coarse_to_fine,1,inf
61-70968-0004_1284-1180-0005_2094-142345-0006,s2,coarse_to_fine,2,-0.8543190934506126
61-70968-0004_1284-1180-0005_2094-142345-0006,s2,coarse_to_fine,3,-1.9631381901004896
61-70968-0004_1284-1180-0005_2094-142345-0006,s3,coarse_to_fine,1,35.58500880032608
61-70968-0004_1284-1180-0005_2094-142345-0006,s3,coarse_to_fine,2,3.0368481191025114
61-70968-0004_1284-1180-0005_2094-142345-0006,s3,coarse_to_fine,3,-6.57178939583555
7021-85628-0018_2961-960-0002_4446-2275-0028,s1,no_recursion,1,inf
7021-85628-0018_2961-960-0002_4446-2275-0028,s1,no_recursion,2,13.304104085748056
7021-85628-0018_2961-960-0002_4446-2275-0028,s1,no_recursion,3,9.761971271128571
7021-85628-0018_2961-960-0002_4446-2275-0028,s2,no_recursion,1,49.641356002093964
7021-85628-0018_2961-960-0002_4446-2275-0028,s2,no_recursion,2,2.475237022034636
7021-85628-0018_2961-960-0002_4446-2275-0028,s2,no_recursion,3,-1.351883233148115
7021-85628-0018_2961-960-0002_4446-2275-0028,s3,no_recursion,1,24.03312363969345
7021-85628-0018_2961-960-0002_4446-2275-0028,s3,no_recursion,2,nan
7021-85628-0018_2961-960-0002_4446-2275-0028,s3,no_recursion,3,-2.2023705273394363
7021-85628-0018_2961-960-0002_4446-2275-0028,s1,ungated_deflation,1,inf
7021-85628-0018_2961-960-0002_4446-2275-0028,s1,ungated_deflation,2,13.304104085748056
7021-85628-0018_2961-960-0002_4446-2275-0028,s1,ungated_deflation,3,9.761971271128571
7021-85628-0018_2961-960-0002_4446-2275-0028,s2,ungated_deflation,1,47.16108614551024
7021-85628-0018_2961-960-0002_4446-2275-0028,s2,ungated_deflation,2,-11.408668896059167
7021-85628-0018_2961-960-0002_4446-2275-0028,s2,ungated_deflation,3,-13.342057622812968
7021-85628-0018_2961-960-0002_4446-2275-0028,s3,ungated_deflation,1,10.102011619340061
7021-85628-0018_2961-960-0002_4446-2275-0028,s3,ungated_deflation,2,nan
7021-85628-0018_2961-960-0002_4446-2275-0028,s3,ungated_deflation,3,-3.525786098494012
7021-85628-0018_2961-960-0002_4446-2275-0028,s1,gated_deflation,1,inf
7021-85628-0018_2961-960-0002_4446-2275-0028,s1,gated_deflation,2,13.304104085748056
7021-85628-0018_2961-960-0002_4446-2275-0028,s1,gated_deflation,3,9.761971271128571
7021-85628-0018_2961-960-0002_4446-2275-0028,s2,gated_deflation,1,46.80675320944662
7021-85628-0018_2961-960-0002_4446-2275-0028,s2,gated_deflation,2,-10.279932509641734
7021-85628-0018_2961-960-0002_4446-2275-0028,s2,gated_deflation,3,-10.089183647715988
7021-85628-0018_2961-960-0002_4446-2275-0028,s3,gated_deflation,1,10.102011619340061
7021-85628-0018_2961-960-0002_4446-2275-0028,s3,gated_deflation,2,nan
7021-85628-0018_2961-960-0002_4446-2275-0028,s3,gated_deflation,3,-3.525786098494012
7021-85628-0018_2961-960-0002_4446-2275-0028,s1,coarse_to_fine,1,inf
7021-85628-0018_2961-960-0002_4446-2275-0028,s1,coarse_to_fine,2,13.225715620946268
7021-85628-0018_2961-960-0002_4446-2275-0028,s1,coarse_to_fine,3,9.2246405067736
7021-85628-0018_2961-960-0002_4446-2275-0028,s2,coarse_to_fine,1,52.52842087232715
7021-85628-0018_2961-960-0002_4446-2275-0028,s2,coarse_to_fine,2,-14.942870647165654
7021-85628-0018_2961-960-0002_4446-2275-0028,s2,coarse_to_fine,3,-9.622065525263011
7021-85628-0018_2961-960-0002_4446-2275-0028,s3,coarse_to_fine,1,27.835099669626327
7021-85628-0018_2961-960-0002_4446-2275-0028,s3,coarse_to_fine,2,nan
7021-85628-0018_2961-960-0002_4446-2275-0028,s3,coarse_to_fine,3,-4.016320038844666
8455-210777-0065_4507-16021-0035_2961-960-0007,s1,no_recursion,1,inf
8455-210777-0065_4507-16021-0035_2961-960-0007,s1,no_recursion,2,nan
8455-210777-0065_4507-16021-0035_2961-960-0007,s1,no_recursion,3,-5.03630521625144
8455-210777-0065_4507-16021-0035_2961-960-0007,s2,no_recursion,1,inf
8455-210777-0065_4507-16021-0035_2961-960-0007,s2,no_recursion,2,1.0608828336295206
8455-210777-0065_4507-16021-0035_2961-960-0007,s2,no_recursion,3,1.7602688071119545
8455-210777-0065_4507-16021-0035_2961-960-0007,s3,no_recursion,1,34.594184284540006
8455-210777-0065_4507-16021-0035_2961-960-0007,s3,no_recursion,2,-0.3609433936929876
8455-210777-0065_4507-16021-0035_2961-960-0007,s3,no_recursion,3,-9.102936207942996
8455-210777-0065_4507-16021-0035_2961-960-0007,s1,ungated_deflation,1,inf
8455-210777-0065_4507-16021-0035_2961-960-0007,s1,ungated_deflation,2,nan
8455-210777-0065_4507-16021-0035_2961-960-0007,s1,ungated_deflation,3,-5.03630521625144
8455-210777-0065_4507-16021-0035_2961-960-0007,s2,ungated_deflation,1,inf
8455-210777-0065_4507-16021-0035_2961-960-0007,s2,ungated_deflation,2,-0.07770649477671336
8455-210777-0065_4507-16021-0035_2961-960-0007,s2,ungated_deflation,3,-1.1515306362642155
8455-210777-0065_4507-16021-0035_2961-960-0007,s3,ungated_deflation,1,19.419178293939364
8455-210777-0065_4507-16021-0035_2961-960-0007,s3,ungated_deflation,2,-3.013662039595686
8455-210777-0065_4507-16021-0035_2961-960-0007,s3,ungated_deflation,3,-5.160253945806598
8455-210777-0065_4507-16021-0035_2961-960-0007,s1,gated_deflation,1,inf
8455-210777-0065_4507-16021-0035_2961-960-0007,s1,gated_deflation,2,nan
8455-210777-0065_4507-16021-0035_2961-960-0007,s1,gated_deflation,3,-5.03630521625144
8455-210777-0065_4507-16021-0035_2961-960-0007,s2,gated_deflation,1,inf
8455-210777-0065_4507-16021-0035_2961-960-0007,s2,gated_deflation,2,-0.07770649477671336
8455-210777-0065_4507-16021-0035_2961-960-0007,s2,gated_deflation,3,-1.1515306362642155
8455-210777-0065_4507-16021-0035_2961-960-0007,s3,gated_deflation,1,23.368080619154696
8455-210777-0065_4507-16021-0035_2961-960-0007,s3,gated_deflation,2,-0.04670337406788443
8455-210777-0065_4507-16021-0035_2961-960-0007,s3,gated_deflation,3,-5.071431356372964
8455-210777-0065_4507-16021-0035_2961-960-0007,s1,coarse_to_fine,1,inf
8455-210777-0065_4507-16021-0035_2961-960-0007,s1,coarse_to_fine,2,nan
8455-210777-0065_4507-16021-0035_2961-960-0007,s1,coarse_to_fine,3,-3.526835414477791
8455-210777-0065_4507-16021-0035_2961-960-0007,s2,coarse_to_fine,1,inf
8455-210777-0065_4507-16021-0035_2961-960-0007,s2,coarse_to_fine,2,1.3993788867605905
8455-210777-0065_4507-16021-0035_2961-960-0007,s2,coarse_to_fine,3,1.770330966986774
8455-210777-0065_4507-16021-0035_2961-960-0007,s3,coarse_to_fine,1,34.5880792471672
8455-210777-0065_4507-16021-0035_2961-960-0007,s3,coarse_to_fine,2,-0.11961791439778258
8455-210777-0065_4507-16021-0035_2961-960-0007,s3,coarse_to_fine,3,-8.828089145689134
7127-75946-0018_3575-170457-0019_5142-33396-0024,s1,no_recursion,1,54.71817800961222
7127-75946-0018_3575-170457-0019_5142-33396-0024,s1,no_recursion,2,11.534660278919828
7127-75946-0018_3575-170457-0019_5142-33396-0024,s1,no_recursion,3,0.5653593893399276
7127-75946-0018_3575-170457-0019_5142-33396-0024,s2,no_recursion,1,inf
7127-75946-0018_3575-170457-0019_5142-33396-0024,s2,no_recursion,2,-0.45151086600945667
7127-75946-0018_3575-170457-0019_5142-33396-0024,s2,no_recursion,3,-1.0219324774606091
7127-75946-0018_3575-170457-0019_5142-33396-0024,s3,no_recursion,1,18.309188046381777
7127-75946-0018_3575-170457-0019_5142-33396-0024,s3,no_recursion,2,nan
7127-75946-0018_3575-170457-0019_5142-33396-0024,s3,no_recursion,3,0.9058300568821955
7127-75946-0018_3575-170457-0019_5142-33396-0024,s1,ungated_deflation,1,53.9797118371082
7127-75946-0018_3575-170457-0019_5142-33396-0024,s1,ungated_deflation,2,-1.091440493127354
7127-75946-0018_3575-170457-0019_5142-33396-0024,s1,ungated_deflation,3,-13.797823915154643
7127-75946-0018_3575-170457-0019_5142-33396-0024,s2,ungated_deflation,1,inf
7127-75946-0018_3575-170457-0019_5142-33396-0024,s2,ungated_deflation,2,-0.45151086600945667
7127-75946-0018_3575-170457-0019_5142-33396-0024,s2,ungated_deflation,3,-1.0219324774606091
7127-75946-0018_3575-170457-0019_5142-33396-0024,s3,ungated_deflation,1,11.510281120772301
7127-75946-0018_3575-170457-0019_5142-33396-0024,s3,ungated_deflation,2,nan
7127-75946-0018_3575-170457-0019_5142-33396-0024,s3,ungated_deflation,3,-4.261541960518301
7127-75946-0018_3575-170457-0019_5142-33396-0024,s1,gated_deflation,1,56.688184645220375
7127-75946-0018_3575-170457-0019_5142-33396-0024,s1,gated_deflation,2,1.3303960316835783
7127-75946-0018_3575-170457-0019_5142-33396-0024,s1,gated_deflation,3,-13.427621805808156
7127-75946-0018_3575-170457-0019_5142-33396-0024,s2,gated_deflation,1,inf
7127-75946-0018_3575-170457-0019_5142-33396-0024,s2,gated_deflation,2,-0.45151086600945667
7127-75946-0018_3575-170457-0019_5142-33396-0024,s2,gated_deflation,3,-1.0219324774606091
7127-75946-0018_3575-170457-0019_5142-33396-0024,s3,gated_deflation,1,11.510281120772301
7127-75946-0018_3575-170457-0019_5142-33396-0024,s3,gated_deflation,2,nan
7127-75946-0018_3575-170457-0019_5142-33396-0024,s3,gated_deflation,3,-4.261541960518301
7127-75946-0018_3575-170457-0019_5142-33396-0024,s1,coarse_to_fine,1,55.16160601831001
7127-75946-0018_3575-170457-0019_5142-33396-0024,s1,coarse_to_fine,2,14.135899089802024
7127-75946-0018_3575-170457-0019_5142-33396-0024,s1,coarse_to_fine,3,4.7787851273321325
7127-75946-0018_3575-170457-0019_5142-33396-0024,s2,coarse_to_fine,1,inf
7127-75946-0018_3575-170457-0019_5142-33396-0024,s2,coarse_to_fine,2,-10.889115897409802
7127-75946-0018_3575-170457-0019_5142-33396-0024,s2,coarse_to_fine,3,-0.25790858088070573
7127-75946-0018_3575-170457-0019_5142-33396-0024,s3,coarse_to_fine,1,18.52525690075556
7127-75946-0018_3575-170457-0019_5142-33396-0024,s3,coarse_to_fine,2,nan
7127-75946-0018_3575-170457-0019_5142-33396-0024,s3,coarse_to_fine,3,0.35647088574113395
3575-170457-0043_1995-1837-0027_5142-33396-0022,s1,no_recursion,1,47.381651561935385
3575-170457-0043_1995-1837-0027_5142-33396-0022,s1,no_recursion,2,-2.5926844769628343
3575-170457-0043_1995-1837-0027_5142-33396-0022,s1,no_recursion,3,-0.6774363802829309
3575-170457-0043_1995-1837-0027_5142-33396-0022,s2,no_recursion,1,inf
3575-170457-0043_1995-1837-0027_5142-33396-0022,s2,no_recursion,2,-0.9166384746595106
3575-170457-0043_1995-1837-0027_5142-33396-0022,s2,no_recursion,3,-4.235160863368496
3575-170457-0043_1995-1837-0027_5142-33396-0022,s3,no_recursion,1,37.41619478630581
3575-170457-0043_1995-1837-0027_5142-33396-0022,s3,no_recursion,2,nan
3575-170457-0043_1995-1837-0027_5142-33396-0022,s3,no_recursion,3,2.8222214815960536
3575-170457-0043_1995-1837-0027_5142-33396-0022,s1,ungated_deflation,1,37.11067687755592
3575-170457-0043_1995-1837-0027_5142-33396-0022,s1,ungated_deflation,2,-3.5152783630129654
3575-170457-0043_1995-1837-0027_5142-33396-0022,s1,ungated_deflation,3,-3.9804414381824023
3575-170457-0043_1995-1837-0027_5142-33396-0022,s2,ungated_deflation,1,inf
3575-170457-0043_1995-1837-0027_5142-33396-0022,s2,ungated_deflation,2,-0.9166384746595106
3575-170457-0043_1995-1837-0027_5142-33396-0022,s2,ungated_deflation,3,-4.235160863368496
3575-170457-0043_1995-1837-0027_5142-33396-0022,s3,ungated_deflation,1,33.09445980544881
3575-170457-0043_1995-1837-0027_5142-33396-0022,s3,ungated_deflation,2,nan
3575-170457-0043_1995-1837-0027_5142-33396-0022,s3,ungated_deflation,3,-2.6486085722116237
3575-170457-0043_1995-1837-0027_5142-33396-0022,s1,gated_deflation,1,47.29241828636572
3575-170457-0043_1995-1837-0027_5142-33396-0022,s1,gated_deflation,2,-3.1989848704244883
3575-170457-0043_1995-1837-0027_5142-33396-0022,s1,gated_deflation,3,-6.039386212617468
3575-170457-0043_1995-1837-0027_5142-33396-0022,s2,gated_deflation,1,inf
3575-170457-0043_1995-1837-0027_5142-33396-0022,s2,gated_deflation,2,-0.9166384746595106
3575-170457-0043_1995-1837-0027_5142-33396-0022,s2,gated_deflation,3,-4.235160863368496
3575-170457-0043_1995-1837-0027_5142-33396-0022,s3,gated_deflation,1,37.41619478630581
3575-170457-0043_1995-1837-0027_5142-33396-0022,s3,gated_deflation,2,nan
3575-170457-0043_1995-1837-0027_5142-33396-0022,s3,gated_deflation,3,2.8222214815960536
3575-170457-0043_1995-1837-0027_5142-33396-0022,s1,coarse_to_fine,1,47.824194191479776
3575-170457-0043_1995-1837-0027_5142-33396-0022,s1,coarse_to_fine,2,-3.2187666276878915
3575-170457-0043_1995-1837-0027_5142-33396-0022,s1,coarse_to_fine,3,-0.5462947408914969
3575-170457-0043_1995-1837-0027_5142-33396-0022,s2,coarse_to_fine,1,inf
3575-170457-0043_1995-1837-0027_5142-33396-0022,s2,coarse_to_fine,2,-1.8474361368812966
3575-170457-0043_1995-1837-0027_5142-33396-0022,s2,coarse_to_fine,3,-5.106611194563017
3575-170457-0043_1995-1837-0027_5142-33396-0022,s3,coarse_to_fine,1,34.6544761293505
3575-170457-0043_1995-1837-0027_5142-33396-0022,s3,coarse_to_fine,2,nan
3575-170457-0043_1995-1837-0027_5142-33396-0022,s3,coarse_to_fine,3,2.367784799897138
1580-141083-0032_5105-28240-0009_4446-2273-0019,s1,no_recursion,1,inf
1580-141083-0032_5105-28240-0009_4446-2273-0019,s1,no_recursion,2,-5.474113985488215
1580-141083-0032_5105-28240-0009_4446-2273-0019,s1,no_recursion,3,-12.388677242393944
1580-141083-0032_5105-28240-0009_4446-2273-0019,s2,no_recursion,1,62.61663933529398
1580-141083-0032_5105-28240-0009_4446-2273-0019,s2,no_recursion,2,6.186477298985315
1580-141083-0032_5105-28240-0009_4446-2273-0019,s2,no_recursion,3,2.3729102691817023
1580-141083-0032_5105-28240-0009_4446-2273-0019,s3,no_recursion,1,20.800032824284052
1580-141083-0032_5105-28240-0009_4446-2273-0019,s3,no_recursion,2,nan
1580-141083-0032_5105-28240-0009_4446-2273-0019,s3,no_recursion,3,-3.817045561408792
1580-141083-0032_5105-28240-0009_4446-2273-0019,s1,ungated_deflation,1,inf
1580-141083-0032_5105-28240-0009_4446-2273-0019,s1,ungated_deflation,2,-5.474113985488215
1580-141083-0032_5105-28240-0009_4446-2273-0019,s1,ungated_deflation,3,-12.388677242393944
1580-141083-0032_5105-28240-0009_4446-2273-0019,s2,ungated_deflation,1,58.845068351000705
1580-141083-0032_5105-28240-0009_4446-2273-0019,s2,ungated_deflation,2,2.1823332042700474
1580-141083-0032_5105-28240-0009_4446-2273-0019,s2,ungated_deflation,3,-3.7367775062597075
1580-141083-0032_5105-28240-0009_4446-2273-0019,s3,ungated_deflation,1,16.370362824116043
1580-141083-0032_5105-28240-0009_4446-2273-0019,s3,ungated_deflation,2,nan
1580-141083-0032_5105-28240-0009_4446-2273-0019,s3,ungated_deflation,3,-4.338393236657372
1580-141083-0032_5105-28240-0009_4446-2273-0019,s1,gated_deflation,1,inf
1580-141083-0032_5105-28240-0009_4446-2273-0019,s1,gated_deflation,2,-5.474113985488215
1580-141083-0032_5105-28240-0009_4446-2273-0019,s1,gated_deflation,3,-12.388677242393944
1580-141083-0032_5105-28240-0009_4446-2273-0019,s2,gated_deflation,1,62.829267613248724
1580-141083-0032_5105-28240-0009_4446-2273-0019,s2,gated_deflation,2,0.9738518432326543
1580-141083-0032_5105-28240-0009_4446-2273-0019,s2,gated_deflation,3,-5.47774785153897
1580-141083-0032_5105-28240-0009_4446-2273-0019,s3,gated_deflation,1,20.800032824284052
1580-141083-0032_5105-28240-0009_4446-2273-0019,s3,gated_deflation,2,nan
1580-141083-0032_5105-28240-0009_4446-2273-0019,s3,gated_deflation,3,-3.817045561408792
1580-141083-0032_5105-28240-0009_4446-2273-0019,s1,coarse_to_fine,1,inf
1580-141083-0032_5105-28240-0009_4446-2273-0019,s1,coarse_to_fine,2,-5.474113985488215
1580-141083-0032_5105-28240-0009_4446-2273-0019,s1,coarse_to_fine,3,-12.388677242393944
1580-141083-0032_5105-28240-0009_4446-2273-0019,s2,coarse_to_fine,1,62.610109283450555
1580-141083-0032_5105-28240-0009_4446-2273-0019,s2,coarse_to_fine,2,5.157595285067186
1580-141083-0032_5105-28240-0009_4446-2273-0019,s2,coarse_to_fine,3,1.9934744229083492
1580-141083-0032_5105-28240-0009_4446-2273-0019,s3,coarse_to_fine,1,20.028363056137273
1580-141083-0032_5105-28240-0009_4446-2273-0019,s3,coarse_to_fine,2,nan
1580-141083-0032_5105-28240-0009_4446-2273-0019,s3,coarse_to_fine,3,-3.9904305028596476
5142-36586-0004_7127-75947-0000_8455-210777-0059,s1,no_recursion,1,inf
5142-36586-0004_7127-75947-0000_8455-210777-0059,s1,no_recursion,2,nan
5142-36586-0004_7127-75947-0000_8455-210777-0059,s1,no_recursion,3,3.8038940259642247
5142-36586-0004_7127-75947-0000_8455-210777-0059,s2,no_recursion,1,56.19773701914405
5142-36586-0004_7127-75947-0000_8455-210777-0059,s2,no_recursion,2,6.659081712233149
5142-36586-0004_7127-75947-0000_8455-210777-0059,s2,no_recursion,3,-4.438365754721377
5142-36586-0004_7127-75947-0000_8455-210777-0059,s3,no_recursion,1,30.622946022982553
5142-36586-0004_7127-75947-0000_8455-210777-0059,s3,no_recursion,2,-2.561044311709908
5142-36586-0004_7127-75947-0000_8455-210777-0059,s3,no_recursion,3,-1.3558976533419926
5142-36586-0004_7127-75947-0000_8455-210777-0059,s1,ungated_deflation,1,inf
5142-36586-0004_7127-75947-0000_8455-210777-0059,s1,ungated_deflation,2,nan
5142-36586-0004_7127-75947-0000_8455-210777-0059,s1,ungated_deflation,3,3.8038940259642247
5142-36586-0004_7127-75947-0000_8455-210777-0059,s2,ungated_deflation,1,40.5891401841877
5142-36586-0004_7127-75947-0000_8455-210777-0059,s2,ungated_deflation,2,2.3422568625417046
5142-36586-0004_7127-75947-0000_8455-210777-0059,s2,ungated_deflation,3,-14.674054957413517
5142-36586-0004_7127-75947-0000_8455-210777-0059,s3,ungated_deflation,1,26.36159241475196
5142-36586-0004_7127-75947-0000_8455-210777-0059,s3,ungated_deflation,2,-7.8425071391819
5142-36586-0004_7127-75947-0000_8455-210777-0059,s3,ungated_deflation,3,-9.19836453724
5142-36586-0004_7127-75947-0000_8455-210777-0059,s1,gated_deflation,1,inf
5142-36586-0004_7127-75947-0000_8455-210777-0059,s1,gated_deflation,2,nan
5142-36586-0004_7127-75947-0000_8455-210777-0059,s1,gated_deflation,3,3.8038940259642247
5142-36586-0004_7127-75947-0000_8455-210777-0059,s2,gated_deflation,1,56.19773701914405
5142-36586-0004_7127-75947-0000_8455-210777-0059,s2,gated_deflation,2,6.659081712233149
5142-36586-0004_7127-75947-0000_8455-210777-0059,s2,gated_deflation,3,-4.438365754721377
5142-36586-0004_7127-75947-0000_8455-210777-0059,s3,gated_deflation,1,30.622946022982553
5142-36586-0004_7127-75947-0000_8455-210777-0059,s3,gated_deflation,2,-2.561044311709908
5142-36586-0004_7127-75947-0000_8455-210777-0059,s3,gated_deflation,3,-1.3558976533419926
5142-36586-0004_7127-75947-0000_8455-210777-0059,s1,coarse_to_fine,1,inf
5142-36586-0004_7127-75947-0000_8455-210777-0059,s1,coarse_to_fine,2,nan
5142-36586-0004_7127-75947-0000_8455-210777-0059,s1,coarse_to_fine,3,3.875761251708325
5142-36586-0004_7127-75947-0000_8455-210777-0059,s2,coarse_to_fine,1,44.29747528036116
5142-36586-0004_7127-75947-0000_8455-210777-0059,s2,coarse_to_fine,2,-2.8725187012726456
5142-36586-0004_7127-75947-0000_8455-210777-0059,s2,coarse_to_fine,3,-2.8878738480830446
5142-36586-0004_7127-75947-0000_8455-210777-0059,s3,coarse_to_fine,1,30.47988678144082
5142-36586-0004_7127-75947-0000_8455-210777-0059,s3,coarse_to_fine,2,-2.4530925617306316
5142-36586-0004_7127-75947-0000_8455-210777-0059,s3,coarse_to_fine,3,-1.484590355753395
8455-210777-0020_61-70968-0054_7729-102255-0023,s1,no_recursion,1,inf
8455-210777-0020_61-70968-0054_7729-102255-0023,s1,no_recursion,2,nan
8455-210777-0020_61-70968-0054_7729-102255-0023,s1,no_recursion,3,-2.078932035554742
8455-210777-0020_61-70968-0054_7729-102255-0023,s2,no_recursion,1,59.58945274042759
8455-210777-0020_61-70968-0054_7729-102255-0023,s2,no_recursion,2,1.2464361863718132
8455-210777-0020_61-70968-0054_7729-102255-0023,s2,no_recursion,3,3.853301225980377
8455-210777-0020_61-70968-0054_7729-102255-0023,s3,no_recursion,1,44.2703624306958
8455-210777-0020_61-70968-0054_7729-102255-0023,s3,no_recursion,2,-4.718555830960548
8455-210777-0020_61-70968-0054_7729-102255-0023,s3,no_recursion,3,-9.010648420576468
8455-210777-0020_61-70968-0054_7729-102255-0023,s1,ungated_deflation,1,inf
8455-210777-0020_61-70968-0054_7729-102255-0023,s1,ungated_deflation,2,nan
8455-210777-0020_61-70968-0054_7729-102255-0023,s1,ungated_deflation,3,-2.078932035554742
8455-210777-0020_61-70968-0054_7729-102255-0023,s2,ungated_deflation,1,52.583795994342914
8455-210777-0020_61-70968-0054_7729-102255-0023,s2,ungated_deflation,2,-2.207012795567959
8455-210777-0020_61-70968-0054_7729-102255-0023,s2,ungated_deflation,3,-3.5651800396763518
8455-210777-0020_61-70968-0054_7729-102255-0023,s3,ungated_deflation,1,30.90007335123737
8455-210777-0020_61-70968-0054_7729-102255-0023,s3,ungated_deflation,2,-5.318989695902151
8455-210777-0020_61-70968-0054_7729-102255-0023,s3,ungated_deflation,3,-6.31262268323053
8455-210777-0020_61-70968-0054_7729-102255-0023,s1,gated_deflation,1,inf
8455-210777-0020_61-70968-0054_7729-102255-0023,s1,gated_deflation,2,nan
8455-210777-0020_61-70968-0054_7729-102255-0023,s1,gated_deflation,3,-2.078932035554742
8455-210777-0020_61-70968-0054_7729-102255-0023,s2,gated_deflation,1,52.583795994342914
8455-210777-0020_61-70968-0054_7729-102255-0023,s2,gated_deflation,2,-2.207012795567959
8455-210777-0020_61-70968-0054_7729-102255-0023,s2,gated_deflation,3,-3.5651800396763518
8455-210777-0020_61-70968-0054_7729-102255-0023,s3,gated_deflation,1,30.90007335123737
8455-210777-0020_61-70968-0054_7729-102255-0023,s3,gated_deflation,2,-5.318989695902151
8455-210777-0020_61-70968-0054_7729-102255-0023,s3,gated_deflation,3,-6.31262268323053
8455-210777-0020_61-70968-0054_7729-102255-0023,s1,coarse_to_fine,1,inf
8455-210777-0020_61-70968-0054_7729-102255-0023,s1,coarse_to_fine,2,nan
8455-210777-0020_61-70968-0054_7729-102255-0023,s1,coarse_to_fine,3,-3.7840759203019925
8455-210777-0020_61-70968-0054_7729-102255-0023,s2,coarse_to_fine,1,60.59055177954282
8455-210777-0020_61-70968-0054_7729-102255-0023,s2,coarse_to_fine,2,0.5244184059282966
8455-210777-0020_61-70968-0054_7729-102255-0023,s2,coarse_to_fine,3,4.223383956529324
8455-210777-0020_61-70968-0054_7729-102255-0023,s3,coarse_to_fine,1,46.177970734815894
8455-210777-0020_61-70968-0054_7729-102255-0023,s3,coarse_to_fine,2,-2.3465323489475978
8455-210777-0020_61-70968-0054_7729-102255-0023,s3,coarse_to_fine,3,-6.006037589517961
7176-88083-0000_4970-29095-0006_2094-142345-0034,s1,no_recursion,1,inf
7176-88083-0000_4970-29095-0006_2094-142345-0034,s1,no_recursion,2,4.815469484356092
7176-88083-0000_4970-29095-0006_2094-142345-0034,s1,no_recursion,3,4.309369522367193
7176-88083-0000_4970-29095-0006_2094-142345-0034,s2,no_recursion,1,inf
7176-88083-0000_4970-29095-0006_2094-142345-0034,s2,no_recursion,2,nan
7176-88083-0000_4970-29095-0006_2094-142345-0034,s2,no_recursion,3,-7.96656450273315
7176-88083-0000_4970-29095-0006_2094-142345-0034,s3,no_recursion,1,23.394784080760516
7176-88083-0000_4970-29095-0006_2094-142345-0034,s3,no_recursion,2,7.822870313716156
7176-88083-0000_4970-29095-0006_2094-142345-0034,s3,no_recursion,3,4.147250439323429
7176-88083-0000_4970-29095-0006_2094-142345-0034,s1,ungated_deflation,1,inf
7176-88083-0000_4970-29095-0006_2094-142345-0034,s1,ungated_deflation,2,4.815469484356092
7176-88083-0000_4970-29095-0006_2094-142345-0034,s1,ungated_deflation,3,4.309369522367193
7176-88083-0000_4970-29095-0006_2094-142345-0034,s2,ungated_deflation,1,inf
7176-88083-0000_4970-29095-0006_2094-142345-0034,s2,ungated_deflation,2,nan
7176-88083-0000_4970-29095-0006_2094-142345-0034,s2,ungated_deflation,3,-10.536055947177115
7176-88083-0000_4970-29095-0006_2094-142345-0034,s3,ungated_deflation,1,24.615929490390407
7176-88083-0000_4970-29095-0006_2094-142345-0034,s3,ungated_deflation,2,-0.46973803691984184
7176-88083-0000_4970-29095-0006_2094-142345-0034,s3,ungated_deflation,3,-7.798317199377046
7176-88083-0000_4970-29095-0006_2094-142345-0034,s1,gated_deflation,1,inf
7176-88083-0000_4970-29095-0006_2094-142345-0034,s1,gated_deflation,2,4.815469484356092
7176-88083-0000_4970-29095-0006_2094-142345-0034,s1,gated_deflation,3,4.309369522367193
7176-88083-0000_4970-29095-0006_2094-142345-0034,s2,gated_deflation,1,inf
7176-88083-0000_4970-29095-0006_2094-142345-0034,s2,gated_deflation,2,nan
7176-88083-0000_4970-29095-0006_2094-142345-0034,s2,gated_deflation,3,-10.536055947177115
7176-88083-0000_4970-29095-0006_2094-142345-0034,s3,gated_deflation,1,24.615929490390407
7176-88083-0000_4970-29095-0006_2094-142345-0034,s3,gated_deflation,2,-0.46973803691984184
7176-88083-0000_4970-29095-0006_2094-142345-0034,s3,gated_deflation,3,-7.798317199377046
7176-88083-0000_4970-29095-0006_2094-142345-0034,s1,coarse_to_fine,1,inf
7176-88083-0000_4970-29095-0006_2094-142345-0034,s1,coarse_to_fine,2,3.291714633587357
7176-88083-0000_4970-29095-0006_2094-142345-0034,s1,coarse_to_fine,3,4.0931045459373046
7176-88083-0000_4970-29095-0006_2094-142345-0034,s2,coarse_to_fine,1,inf
7176-88083-0000_4970-29095-0006_2094-142345-0034,s2,coarse_to_fine,2,nan
7176-88083-0000_4970-29095-0006_2094-142345-0034,s2,coarse_to_fine,3,-8.086251097824308
7176-88083-0000_4970-29095-0006_2094-142345-0034,s3,coarse_to_fine,1,22.37526403371005
7176-88083-0000_4970-29095-0006_2094-142345-0034,s3,coarse_to_fine,2,9.334074606111422
7176-88083-0000_4970-29095-0006_2094-142345-0034,s3,coarse_to_fine,3,4.128425248327274
6930-81414-0000_4507-16021-0059_6829-68771-0029,s1,no_recursion,1,69.01896185768598
6930-81414-0000_4507-16021-0059_6829-68771-0029,s1,no_recursion,2,-0.9030362860367802
6930-81414-0000_4507-16021-0059_6829-68771-0029,s1,no_recursion,3,-3.6776303584088224
6930-81414-0000_4507-16021-0059_6829-68771-0029,s2,no_recursion,1,inf
6930-81414-0000_4507-16021-0059_6829-68771-0029,s2,no_recursion,2,nan
6930-81414-0000_4507-16021-0059_6829-68771-0029,s2,no_recursion,3,5.758537676369166
6930-81414-0000_4507-16021-0059_6829-68771-0029,s3,no_recursion,1,34.643722549839694
6930-81414-0000_4507-16021-0059_6829-68771-0029,s3,no_recursion,2,3.0968969644501954
6930-81414-0000_4507-16021-0059_6829-68771-0029,s3,no_recursion,3,-9.674987512188682
6930-81414-0000_4507-16021-0059_6829-68771-0029,s1,ungated_deflation,1,69.28227666826083
6930-81414-0000_4507-16021-0059_6829-68771-0029,s1,ungated_deflation,2,-6.279468995851623
6930-81414-0000_4507-16021-0059_6829-68771-0029,s1,ungated_deflation,3,-10.953481947148768
6930-81414-0000_4507-16021-0059_6829-68771-0029,s2,ungated_deflation,1,inf
6930-81414-0000_4507-16021-0059_6829-68771-0029,s2,ungated_deflation,2,nan
6930-81414-0000_4507-16021-0059_6829-68771-0029,s2,ungated_deflation,3,5.758537676369166
6930-81414-0000_4507-16021-0059_6829-68771-0029,s3,ungated_deflation,1,20.619851441706448
6930-81414-0000_4507-16021-0059_6829-68771-0029,s3,ungated_deflation,2,0.4119715387254721
6930-81414-0000_4507-16021-0059_6829-68771-0029,s3,ungated_deflation,3,-7.503099286934358
6930-81414-0000_4507-16021-0059_6829-68771-0029,s1,gated_deflation,1,69.28227666826083
6930-81414-0000_4507-16021-0059_6829-68771-0029,s1,gated_deflation,2,-6.279468995851623
6930-81414-0000_4507-16021-0059_6829-68771-0029,s1,gated_deflation,3,-10.953481947148768
6930-81414-0000_4507-16021-0059_6829-68771-0029,s2,gated_deflation,1,inf
6930-81414-0000_4507-16021-0059_6829-68771-0029,s2,gated_deflation,2,nan
6930-81414-0000_4507-16021-0059_6829-68771-0029,s2,gated_deflation,3,5.758537676369166
6930-81414-0000_4507-16021-0059_6829-68771-0029,s3,gated_deflation,1,20.619851441706448
6930-81414-0000_4507-16021-0059_6829-68771-0029,s3,gated_deflation,2,0.4119715387254721
6930-81414-0000_4507-16021-0059_6829-68771-0029,s3,gated_deflation,3,-7.503099286934358
6930-81414-0000_4507-16021-0059_6829-68771-0029,s1,coarse_to_fine,1,69.5032063295996
6930-81414-0000_4507-16021-0059_6829-68771-0029,s1,coarse_to_fine,2,-4.7222511974208645
6930-81414-0000_4507-16021-0059_6829-68771-0029,s1,coarse_to_fine,3,-7.185303982273975
6930-81414-0000_4507-16021-0059_6829-68771-0029,s2,coarse_to_fine,1,inf
6930-81414-0000_4507-16021-0059_6829-68771-0029,s2,coarse_to_fine,2,nan
6930-81414-0000_4507-16021-0059_6829-68771-0029,s2,coarse_to_fine,3,6.773441394678242
6930-81414-0000_4507-16021-0059_6829-68771-0029,s3,coarse_to_fine,1,35.68563176159158
6930-81414-0000_4507-16021-0059_6829-68771-0029,s3,coarse_to_fine,2,-1.8618856430045636
6930-81414-0000_4507-16021-0059_6829-68771-0029,s3,coarse_to_fine,3,-11.735070742889596
2300-131720-0040_260-123440-0017_672-122797-0022,s1,no_recursion,1,inf
2300-131720-0040_260-123440-0017_672-122797-0022,s1,no_recursion,2,3.801711562629362
2300-131720-0040_260-123440-0017_672-122797-0022,s1,no_recursion,3,1.7567005062397385
2300-131720-0040_260-123440-0017_672-122797-0022,s2,no_recursion,1,inf
2300-131720-0040_260-123440-0017_672-122797-0022,s2,no_recursion,2,nan
2300-131720-0040_260-123440-0017_672-122797-0022,s2,no_recursion,3,-8.538082376550353
2300-131720-0040_260-123440-0017_672-122797-0022,s3,no_recursion,1,45.570648246685025
2300-131720-0040_260-123440-0017_672-122797-0022,s3,no_recursion,2,5.011725625109039
2300-131720-0040_260-123440-0017_672-122797-0022,s3,no_recursion,3,-4.114842745981901
2300-131720-0040_260-123440-0017_672-122797-0022,s1,ungated_deflation,1,inf
2300-131720-0040_260-123440-0017_672-122797-0022,s1,ungated_deflation,2,3.801711562629362
2300-131720-0040_260-123440-0017_672-122797-0022,s1,ungated_deflation,3,1.7567005062397385
2300-131720-0040_260-123440-0017_672-122797-0022,s2,ungated_deflation,1,inf
2300-131720-0040_260-123440-0017_672-122797-0022,s2,ungated_deflation,2,nan
2300-131720-0040_260-123440-0017_672-122797-0022,s2,ungated_deflation,3,-9.194047795125373
2300-131720-0040_260-123440-0017_672-122797-0022,s3,ungated_deflation,1,35.433442135851124
2300-131720-0040_260-123440-0017_672-122797-0022,s3,ungated_deflation,2,-11.413194627085346
2300-131720-0040_260-123440-0017_672-122797-0022,s3,ungated_deflation,3,-17.102561317139248
2300-131720-0040_260-123440-0017_672-122797-0022,s1,gated_deflation,1,inf
2300-131720-0040_260-123440-0017_672-122797-0022,s1,gated_deflation,2,3.801711562629362
2300-131720-0040_260-123440-0017_672-122797-0022,s1,gated_deflation,3,1.7567005062397385
2300-131720-0040_260-123440-0017_672-122797-0022,s2,gated_deflation,1,inf
2300-131720-0040_260-123440-0017_672-122797-0022,s2,gated_deflation,2,nan
2300-131720-0040_260-123440-0017_672-122797-0022,s2,gated_deflation,3,-8.538082376550353
2300-131720-0040_260-123440-0017_672-122797-0022,s3,gated_deflation,1,45.570648246685025
2300-131720-0040_260-123440-0017_672-122797-0022,s3,gated_deflation,2,5.011725625109039
2300-131720-0040_260-123440-0017_672-122797-0022,s3,gated_deflation,3,-4.114842745981901
2300-131720-0040_260-123440-0017_672-122797-0022,s1,coarse_to_fine,1,inf
2300-131720-0040_260-123440-0017_672-122797-0022,s1,coarse_to_fine,2,4.303227654838394
2300-131720-0040_260-123440-0017_672-122797-0022,s1,coarse_to_fine,3,1.8685584298220503
2300-131720-0040_260-123440-0017_672-122797-0022,s2,coarse_to_fine,1,inf
2300-131720-0040_260-123440-0017_672-122797-0022,s2,coarse_to_fine,2,nan
2300-131720-0040_260-123440-0017_672-122797-0022,s2,coarse_to_fine,3,-6.284457619819118
2300-131720-0040_260-123440-0017_672-122797-0022,s3,coarse_to_fine,1,50.86221336140697
2300-131720-0040_260-123440-0017_672-122797-0022,s3,coarse_to_fine,2,-3.342824485890301
2300-131720-0040_260-123440-0017_672-122797-0022,s3,coarse_to_fine,3,-7.7833855256567315
2830-3980-0052_8224-274381-0007_5683-32879-0022,s1,no_recursion,1,inf
2830-3980-0052_8224-274381-0007_5683-32879-0022,s1,no_recursion,2,-13.22561480822992
2830-3980-0052_8224-274381-0007_5683-32879-0022,s1,no_recursion,3,-5.044641420558039
2830-3980-0052_8224-274381-0007_5683-32879-0022,s2,no_recursion,1,73.97633444498992
2830-3980-0052_8224-274381-0007_5683-32879-0022,s2,no_recursion,2,10.14311509326564
2830-3980-0052_8224-274381-0007_5683-32879-0022,s2,no_recursion,3,1.4178628413612615
2830-3980-0052_8224-274381-0007_5683-32879-0022,s3,no_recursion,1,28.958695481824055
2830-3980-0052_8224-274381-0007_5683-32879-0022,s3,no_recursion,2,nan
2830-3980-0052_8224-274381-0007_5683-32879-0022,s3,no_recursion,3,3.682798960309221
2830-3980-0052_8224-274381-0007_5683-32879-0022,s1,ungated_deflation,1,inf
2830-3980-0052_8224-274381-0007_5683-32879-0022,s1,ungated_deflation,2,-13.22561480822992
2830-3980-0052_8224-274381-0007_5683-32879-0022,s1,ungated_deflation,3,-5.044641420558039
2830-3980-0052_8224-274381-0007_5683-32879-0022,s2,ungated_deflation,1,50.443875119901065
2830-3980-0052_8224-274381-0007_5683-32879-0022,s2,ungated_deflation,2,11.884830098069159
2830-3980-0052_8224-274381-0007_5683-32879-0022,s2,ungated_deflation,3,-7.710606891663155
2830-3980-0052_8224-274381-0007_5683-32879-0022,s3,ungated_deflation,1,31.20659824137779
2830-3980-0052_8224-274381-0007_5683-32879-0022,s3,ungated_deflation,2,nan
2830-3980-0052_8224-274381-0007_5683-32879-0022,s3,ungated_deflation,3,-2.059024299753966
2830-3980-0052_8224-274381-0007_5683-32879-0022,s1,gated_deflation,1,inf
2830-3980-0052_8224-274381-0007_5683-32879-0022,s1,gated_deflation,2,-13.22561480822992
2830-3980-0052_8224-274381-0007_5683-32879-0022,s1,gated_deflation,3,-5.044641420558039
2830-3980-0052_8224-274381-0007_5683-32879-0022,s2,gated_deflation,1,50.443875119901065
2830-3980-0052_8224-274381-0007_5683-32879-0022,s2,gated_deflation,2,11.884830098069159
2830-3980-0052_8224-274381-0007_5683-32879-0022,s2,gated_deflation,3,-7.710606891663155
2830-3980-0052_8224-274381-0007_5683-32879-0022,s3,gated_deflation,1,31.20659824137779
2830-3980-0052_8224-274381-0007_5683-32879-0022,s3,gated_deflation,2,nan
2830-3980-0052_8224-274381-0007_5683-32879-0022,s3,gated_deflation,3,-2.059024299753966
2830-3980-0052_8224-274381-0007_5683-32879-0022,s1,coarse_to_fine,1,inf
2830-3980-0052_8224-274381-0007_5683-32879-0022,s1,coarse_to_fine,2,-9.584083257084568
2830-3980-0052_8224-274381-0007_5683-32879-0022,s1,coarse_to_fine,3,-3.7057988267367796
2830-3980-0052_8224-274381-0007_5683-32879-0022,s2,coarse_to_fine,1,54.60343376849717
2830-3980-0052_8224-274381-0007_5683-32879-0022,s2,coarse_to_fine,2,8.205304322024276
2830-3980-0052_8224-274381-0007_5683-32879-0022,s2,coarse_to_fine,3,1.1217929819932688
2830-3980-0052_8224-274381-0007_5683-32879-0022,s3,coarse_to_fine,1,30.966557121141566
2830-3980-0052_8224-274381-0007_5683-32879-0022,s3,coarse_to_fine,2,nan
2830-3980-0052_8224-274381-0007_5683-32879-0022,s3,coarse_to_fine,3,-0.33974157630432433
6829-68771-0018_1580-141083-0038_1089-134691-0013,s1,no_recursion,1,inf
6829-68771-0018_1580-141083-0038_1089-134691-0013,s1,no_recursion,2,4.834644454971693
6829-68771-0018_1580-141083-0038_1089-134691-0013,s1,no_recursion,3,2.1063095747077094
6829-68771-0018_1580-141083-0038_1089-134691-0013,s2,no_recursion,1,inf
6829-68771-0018_1580-141083-0038_1089-134691-0013,s2,no_recursion,2,nan
6829-68771-0018_1580-141083-0038_1089-134691-0013,s2,no_recursion,3,-3.3933174177156977
6829-68771-0018_1580-141083-0038_1089-134691-0013,s3,no_recursion,1,37.22488975252232
6829-68771-0018_1580-141083-0038_1089-134691-0013,s3,no_recursion,2,7.434681580829247
6829-68771-0018_1580-141083-0038_1089-134691-0013,s3,no_recursion,3,3.3546362213410212
6829-68771-0018_1580-141083-0038_1089-134691-0013,s1,ungated_deflation,1,inf
6829-68771-0018_1580-141083-0038_1089-134691-0013,s1,ungated_deflation,2,4.834644454971693
6829-68771-0018_1580-141083-0038_1089-134691-0013,s1,ungated_deflation,3,2.1063095747077094
6829-68771-0018_1580-141083-0038_1089-134691-0013,s2,ungated_deflation,1,inf
6829-68771-0018_1580-141083-0038_1089-134691-0013,s2,ungated_deflation,2,nan
6829-68771-0018_1580-141083-0038_1089-134691-0013,s2,ungated_deflation,3,-2.550414795131423
6829-68771-0018_1580-141083-0038_1089-134691-0013,s3,ungated_deflation,1,34.33289593464839
6829-68771-0018_1580-141083-0038_1089-134691-0013,s3,ungated_deflation,2,-0.5217115096639382
6829-68771-0018_1580-141083-0038_1089-134691-0013,s3,ungated_deflation,3,-13.905535054482083
6829-68771-0018_1580-141083-0038_1089-134691-0013,s1,gated_deflation,1,inf
6829-68771-0018_1580-141083-0038_1089-134691-0013,s1,gated_deflation,2,4.834644454971693
6829-68771-0018_1580-141083-0038_1089-134691-0013,s1,gated_deflation,3,2.1063095747077094
6829-68771-0018_1580-141083-0038_1089-134691-0013,s2,gated_deflation,1,inf
6829-68771-0018_1580-141083-0038_1089-134691-0013,s2,gated_deflation,2,nan
6829-68771-0018_1580-141083-0038_1089-134691-0013,s2,gated_deflation,3,-3.3933174177156977
6829-68771-0018_1580-141083-0038_1089-134691-0013,s3,gated_deflation,1,34.273987723269904
6829-68771-0018_1580-141083-0038_1089-134691-0013,s3,gated_deflation,2,-0.913325522589954
6829-68771-0018_1580-141083-0038_1089-134691-0013,s3,gated_deflation,3,-10.07236962295756
6829-68771-0018_1580-141083-0038_1089-134691-0013,s1,coarse_to_fine,1,inf
6829-68771-0018_1580-141083-0038_1089-134691-0013,s1,coarse_to_fine,2,5.252332255581872
6829-68771-0018_1580-141083-0038_1089-134691-0013,s1,coarse_to_fine,3,2.1901646524732894
6829-68771-0018_1580-141083-0038_1089-134691-0013,s2,coarse_to_fine,1,inf
6829-68771-0018_1580-141083-0038_1089-134691-0013,s2,coarse_to_fine,2,nan
6829-68771-0018_1580-141083-0038_1089-134691-0013,s2,coarse_to_fine,3,-4.769232225319901
6829-68771-0018_1580-141083-0038_1089-134691-0013,s3,coarse_to_fine,1,37.83680607151886
6829-68771-0018_1580-141083-0038_1089-134691-0013,s3,coarse_to_fine,2,7.351431629003028
6829-68771-0018_1580-141083-0038_1089-134691-0013,s3,coarse_to_fine,3,2.798160396489016
61-70968-0020_3575-170457-0011_1995-1826-0025,s1,no_recursion,1,inf
61-70968-0020_3575-170457-0011_1995-1826-0025,s1,no_recursion,2,10.285010746164113
61-70968-0020_3575-170457-0011_1995-1826-0025,s1,no_recursion,3,-1.9545092904635017
61-70968-0020_3575-170457-0011_1995-1826-0025,s2,no_recursion,1,31.112913514470982
61-70968-0020_3575-170457-0011_1995-1826-0025,s2,no_recursion,2,4.4084795872407225
61-70968-0020_3575-170457-0011_1995-1826-0025,s2,no_recursion,3,-0.6580517138363964
61-70968-0020_3575-170457-0011_1995-1826-0025,s3,no_recursion,1,27.195190827052294
61-70968-0020_3575-170457-0011_1995-1826-0025,s3,no_recursion,2,nan
61-70968-0020_3575-170457-0011_1995-1826-0025,s3,no_recursion,3,-2.7190763181931166
61-70968-0020_3575-170457-0011_1995-1826-0025,s1,ungated_deflation,1,inf
61-70968-0020_3575-170457-0011_1995-1826-0025,s1,ungated_deflation,2,10.285010746164113
61-70968-0020_3575-170457-0011_1995-1826-0025,s1,ungated_deflation,3,-1.9545092904635017
61-70968-0020_3575-170457-0011_1995-1826-0025,s2,ungated_deflation,1,29.356032793054002
61-70968-0020_3575-170457-0011_1995-1826-0025,s2,ungated_deflation,2,-11.873881704436322
61-70968-0020_3575-170457-0011_1995-1826-0025,s2,ungated_deflation,3,-4.063439403085736
61-70968-0020_3575-170457-0011_1995-1826-0025,s3,ungated_deflation,1,26.110439733750855
61-70968-0020_3575-170457-0011_1995-1826-0025,s3,ungated_deflation,2,nan
61-70968-0020_3575-170457-0011_1995-1826-0025,s3,ungated_deflation,3,-2.9969640783567373
61-70968-0020_3575-170457-0011_1995-1826-0025,s1,gated_deflation,1,inf
61-70968-0020_3575-170457-0011_1995-1826-0025,s1,gated_deflation,2,10.285010746164113
61-70968-0020_3575-170457-0011_1995-1826-0025,s1,gated_deflation,3,-1.9545092904635017
61-70968-0020_3575-170457-0011_1995-1826-0025,s2,gated_deflation,1,29.356032793054002
61-70968-0020_3575-170457-0011_1995-1826-0025,s2,gated_deflation,2,-11.873881704436322
61-70968-0020_3575-170457-0011_1995-1826-0025,s2,gated_deflation,3,-4.063439403085736
61-70968-0020_3575-170457-0011_1995-1826-0025,s3,gated_deflation,1,26.110439733750855
61-70968-0020_3575-170457-0011_1995-1826-0025,s3,gated_deflation,2,nan
61-70968-0020_3575-170457-0011_1995-1826-0025,s3,gated_deflation,3,-2.9969640783567373
61-70968-0020_3575-170457-0011_1995-1826-0025,s1,coarse_to_fine,1,inf
61-70968-0020_3575-170457-0011_1995-1826-0025,s1,coarse_to_fine,2,10.568737352163291
61-70968-0020_3575-170457-0011_1995-1826-0025,s1,coarse_to_fine,3,-1.2178310350200023
61-70968-0020_3575-170457-0011_1995-1826-0025,s2,coarse_to_fine,1,32.884110967938376
61-70968-0020_3575-170457-0011_1995-1826-0025,s2,coarse_to_fine,2,1.5598433510176024
61-70968-0020_3575-170457-0011_1995-1826-0025,s2,coarse_to_fine,3,-1.908710314931403
61-70968-0020_3575-170457-0011_1995-1826-0025,s3,coarse_to_fine,1,29.538013054699455
61-70968-0020_3575-170457-0011_1995-1826-0025,s3,coarse_to_fine,2,nan
61-70968-0020_3575-170457-0011_1995-1826-0025,s3,coarse_to_fine,3,-2.10739586893148
1995-1826-0021_7021-79740-0011_6930-81414-0002,s1,no_recursion,1,27.09639512941258
1995-1826-0021_7021-79740-0011_6930-81414-0002,s1,no_recursion,2,0.034240458757136355
1995-1826-0021_7021-79740-0011_6930-81414-0002,s1,no_recursion,3,-2.956488635868591
1995-1826-0021_7021-79740-0011_6930-81414-0002,s2,no_recursion,1,inf
1995-1826-0021_7021-79740-0011_6930-81414-0002,s2,no_recursion,2,5.578527762946947
1995-1826-0021_7021-79740-0011_6930-81414-0002,s2,no_recursion,3,2.989766249425989
1995-1826-0021_7021-79740-0011_6930-81414-0002,s3,no_recursion,1,34.455990175328026
1995-1826-0021_7021-79740-0011_6930-81414-0002,s3,no_recursion,2,nan
1995-1826-0021_7021-79740-0011_6930-81414-0002,s3,no_recursion,3,-2.719525483010756
1995-1826-0021_7021-79740-0011_6930-81414-0002,s1,ungated_deflation,1,35.67645398478503
1995-1826-0021_7021-79740-0011_6930-81414-0002,s1,ungated_deflation,2,-8.894915997067667
1995-1826-0021_7021-79740-0011_6930-81414-0002,s1,ungated_deflation,3,-12.929838920689921
1995-1826-0021_7021-79740-0011_6930-81414-0002,s2,ungated_deflation,1,inf
1995-1826-0021_7021-79740-0011_6930-81414-0002,s2,ungated_deflation,2,5.578527762946947
1995-1826-0021_7021-79740-0011_6930-81414-0002,s2,ungated_deflation,3,2.989766249425989
1995-1826-0021_7021-79740-0011_6930-81414-0002,s3,ungated_deflation,1,23.73941733193923
1995-1826-0021_7021-79740-0011_6930-81414-0002,s3,ungated_deflation,2,nan
1995-1826-0021_7021-79740-0011_6930-81414-0002,s3,ungated_deflation,3,-0.10744912070000347
1995-1826-0021_7021-79740-0011_6930-81414-0002,s1,gated_deflation,1,35.67645398478503
1995-1826-0021_7021-79740-0011_6930-81414-0002,s1,gated_deflation,2,-8.894915997067667
1995-1826-0021_7021-79740-0011_6930-81414-0002,s1,gated_deflation,3,-12.929838920689921
1995-1826-0021_7021-79740-0011_6930-81414-0002,s2,gated_deflation,1,inf
1995-1826-0021_7021-79740-0011_6930-81414-0002,s2,gated_deflation,2,5.578527762946947
1995-1826-0021_7021-79740-0011_6930-81414-0002,s2,gated_deflation,3,2.989766249425989
1995-1826-0021_7021-79740-0011_6930-81414-0002,s3,gated_deflation,1,23.73941733193923
1995-1826-0021_7021-79740-0011_6930-81414-0002,s3,gated_deflation,2,nan
1995-1826-0021_7021-79740-0011_6930-81414-0002,s3,gated_deflation,3,-0.10744912070000347
1995-1826-0021_7021-79740-0011_6930-81414-0002,s1,coarse_to_fine,1,27.178539036367177
1995-1826-0021_7021-79740-0011_6930-81414-0002,s1,coarse_to_fine,2,-0.3152895699876387
1995-1826-0021_7021-79740-0011_6930-81414-0002,s1,coarse_to_fine,3,-3.580262306445759
1995-1826-0021_7021-79740-0011_6930-81414-0002,s2,coarse_to_fine,1,inf
1995-1826-0021_7021-79740-0011_6930-81414-0002,s2,coarse_to_fine,2,4.265418949610625
1995-1826-0021_7021-79740-0011_6930-81414-0002,s2,coarse_to_fine,3,3.899355183379764
1995-1826-0021_7021-79740-0011_6930-81414-0002,s3,coarse_to_fine,1,34.67655102396479
1995-1826-0021_7021-79740-0011_6930-81414-0002,s3,coarse_to_fine,2,nan
1995-1826-0021_7021-79740-0011_6930-81414-0002,s3,coarse_to_fine,3,-5.326775468331287
8555-284447-0013_5142-33396-0048_2830-3980-0056,s1,no_recursion,1,51.69198711467055
8555-284447-0013_5142-33396-0048_2830-3980-0056,s1,no_recursion,2,8.586858525687669
8555-284447-0013_5142-33396-0048_2830-3980-0056,s1,no_recursion,3,4.722071366724339
8555-284447-0013_5142-33396-0048_2830-3980-0056,s2,no_recursion,1,inf
8555-284447-0013_5142-33396-0048_2830-3980-0056,s2,no_recursion,2,nan
8555-284447-0013_5142-33396-0048_2830-3980-0056,s2,no_recursion,3,-8.074759214305638
8555-284447-0013_5142-33396-0048_2830-3980-0056,s3,no_recursion,1,26.65226927851132
8555-284447-0013_5142-33396-0048_2830-3980-0056,s3,no_recursion,2,6.775523118412528
8555-284447-0013_5142-33396-0048_2830-3980-0056,s3,no_recursion,3,3.0028406308606392
8555-284447-0013_5142-33396-0048_2830-3980-0056,s1,ungated_deflation,1,51.29801721800038
8555-284447-0013_5142-33396-0048_2830-3980-0056,s1,ungated_deflation,2,0.2925860175330988
8555-284447-0013_5142-33396-0048_2830-3980-0056,s1,ungated_deflation,3,-28.37796890029996
8555-284447-0013_5142-33396-0048_2830-3980-0056,s2,ungated_deflation,1,inf
8555-284447-0013_5142-33396-0048_2830-3980-0056,s2,ungated_deflation,2,nan
8555-284447-0013_5142-33396-0048_2830-3980-0056,s2,ungated_deflation,3,-8.074759214305638
8555-284447-0013_5142-33396-0048_2830-3980-0056,s3,ungated_deflation,1,26.736086496658643
8555-284447-0013_5142-33396-0048_2830-3980-0056,s3,ungated_deflation,2,4.529565994324965
8555-284447-0013_5142-33396-0048_2830-3980-0056,s3,ungated_deflation,3,-9.594361613231055
8555-284447-0013_5142-33396-0048_2830-3980-0056,s1,gated_deflation,1,49.95292840059966
8555-284447-0013_5142-33396-0048_2830-3980-0056,s1,gated_deflation,2,-0.03640042807288042
8555-284447-0013_5142-33396-0048_2830-3980-0056,s1,gated_deflation,3,-5.672587832414581
8555-284447-0013_5142-33396-0048_2830-3980-0056,s2,gated_deflation,1,inf
8555-284447-0013_5142-33396-0048_2830-3980-0056,s2,gated_deflation,2,nan
8555-284447-0013_5142-33396-0048_2830-3980-0056,s2,gated_deflation,3,-8.074759214305638
8555-284447-0013_5142-33396-0048_2830-3980-0056,s3,gated_deflation,1,26.65226927851132
8555-284447-0013_5142-33396-0048_2830-3980-0056,s3,gated_deflation,2,6.775523118412528
8555-284447-0013_5142-33396-0048_2830-3980-0056,s3,gated_deflation,3,3.0028406308606392
8555-284447-0013_5142-33396-0048_2830-3980-0056,s1,coarse_to_fine,1,51.60011185403506
8555-284447-0013_5142-33396-0048_2830-3980-0056,s1,coarse_to_fine,2,7.958123202866448
8555-284447-0013_5142-33396-0048_2830-3980-0056,s1,coarse_to_fine,3,5.187570097977198
8555-284447-0013_5142-33396-0048_2830-3980-0056,s2,coarse_to_fine,1,inf
8555-284447-0013_5142-33396-0048_2830-3980-0056,s2,coarse_to_fine,2,nan
8555-284447-0013_5142-33396-0048_2830-3980-0056,s2,coarse_to_fine,3,-8.490360701005958
8555-284447-0013_5142-33396-0048_2830-3980-0056,s3,coarse_to_fine,1,26.69516495421036
8555-284447-0013_5142-33396-0048_2830-3980-0056,s3,coarse_to_fine,2,5.666009293215732
8555-284447-0013_5142-33396-0048_2830-3980-0056,s3,coarse_to_fine,3,2.272357348337369
4992-41797-0021_5142-33396-0064_5639-40744-0033,s1,no_recursion,1,inf
4992-41797-0021_5142-33396-0064_5639-40744-0033,s1,no_recursion,2,8.02853389120214
4992-41797-0021_5142-33396-0064_5639-40744-0033,s1,no_recursion,3,6.447122501198056
4992-41797-0021_5142-33396-0064_5639-40744-0033,s2,no_recursion,1,inf
4992-41797-0021_5142-33396-0064_5639-40744-0033,s2,no_recursion,2,nan
4992-41797-0021_5142-33396-0064_5639-40744-0033,s2,no_recursion,3,-6.030942040165455
4992-41797-0021_5142-33396-0064_5639-40744-0033,s3,no_recursion,1,24.732081326504073
4992-41797-0021_5142-33396-0064_5639-40744-0033,s3,no_recursion,2,1.9023051238345723
4992-41797-0021_5142-33396-0064_5639-40744-0033,s3,no_recursion,3,-0.8443611588996192
4992-41797-0021_5142-33396-0064_5639-40744-0033,s1,ungated_deflation,1,inf
4992-41797-0021_5142-33396-0064_5639-40744-0033,s1,ungated_deflation,2,8.02853389120214
4992-41797-0021_5142-33396-0064_5639-40744-0033,s1,ungated_deflation,3,6.447122501198056
4992-41797-0021_5142-33396-0064_5639-40744-0033,s2,ungated_deflation,1,inf
4992-41797-0021_5142-33396-0064_5639-40744-0033,s2,ungated_deflation,2,nan
4992-41797-0021_5142-33396-0064_5639-40744-0033,s2,ungated_deflation,3,-15.29450301849854
4992-41797-0021_5142-33396-0064_5639-40744-0033,s3,ungated_deflation,1,14.145138615308106
4992-41797-0021_5142-33396-0064_5639-40744-0033,s3,ungated_deflation,2,-4.283768099322754
4992-41797-0021_5142-33396-0064_5639-40744-0033,s3,ungated_deflation,3,-11.22243644187231
4992-41797-0021_5142-33396-0064_5639-40744-0033,s1,gated_deflation,1,inf
4992-41797-0021_5142-33396-0064_5639-40744-0033,s1,gated_deflation,2,8.02853389120214
4992-41797-0021_5142-33396-0064_5639-40744-0033,s1,gated_deflation,3,6.447122501198056
4992-41797-0021_5142-33396-0064_5639-40744-0033,s2,gated_deflation,1,inf
4992-41797-0021_5142-33396-0064_5639-40744-0033,s2,gated_deflation,2,nan
4992-41797-0021_5142-33396-0064_5639-40744-0033,s2,gated_deflation,3,-15.29450301849854
4992-41797-0021_5142-33396-0064_5639-40744-0033,s3,gated_deflation,1,14.145138615308106
4992-41797-0021_5142-33396-0064_5639-40744-0033,s3,gated_deflation,2,-4.283768099322754
4992-41797-0021_5142-33396-0064_5639-40744-0033,s3,gated_deflation,3,-11.22243644187231
4992-41797-0021_5142-33396-0064_5639-40744-0033,s1,coarse_to_fine,1,inf
4992-41797-0021_5142-33396-0064_5639-40744-0033,s1,coarse_to_fine,2,7.818772584563844
4992-41797-0021_5142-33396-0064_5639-40744-0033,s1,coarse_to_fine,3,5.856832574706968
4992-41797-0021_5142-33396-0064_5639-40744-0033,s2,coarse_to_fine,1,inf
4992-41797-0021_5142-33396-0064_5639-40744-0033,s2,coarse_to_fine,2,nan
4992-41797-0021_5142-33396-0064_5639-40744-0033,s2,coarse_to_fine,3,-8.105988194956733
4992-41797-0021_5142-33396-0064_5639-40744-0033,s3,coarse_to_fine,1,25.317916969816217
4992-41797-0021_5142-33396-0064_5639-40744-0033,s3,coarse_to_fine,2,-0.8882243895886819
4992-41797-0021_5142-33396-0064_5639-40744-0033,s3,coarse_to_fine,3,-1.6662034195426578
61-70968-0016_908-157963-0022_1089-134686-0007,s1,no_recursion,1,inf
61-70968-0016_908-157963-0022_1089-134686-0007,s1,no_recursion,2,nan
61-70968-0016_908-157963-0022_1089-134686-0007,s1,no_recursion,3,0.30308311303520286
61-70968-0016_908-157963-0022_1089-134686-0007,s2,no_recursion,1,58.954402818126226
61-70968-0016_908-157963-0022_1089-134686-0007,s2,no_recursion,2,-0.5679229476324428
61-70968-0016_908-157963-0022_1089-134686-0007,s2,no_recursion,3,-8.97004101629298
61-70968-0016_908-157963-0022_1089-134686-0007,s3,no_recursion,1,28.913148561480355
61-70968-0016_908-157963-0022_1089-134686-0007,s3,no_recursion,2,2.4908228559857943
61-70968-0016_908-157963-0022_1089-134686-0007,s3,no_recursion,3,3.5289153949439123
61-70968-0016_908-157963-0022_1089-134686-0007,s1,ungated_deflation,1,inf
61-70968-0016_908-157963-0022_1089-134686-0007,s1,ungated_deflation,2,nan
61-70968-0016_908-157963-0022_1089-134686-0007,s1,ungated_deflation,3,0.30308311303520286
61-70968-0016_908-157963-0022_1089-134686-0007,s2,ungated_deflation,1,59.12240528282983
61-70968-0016_908-157963-0022_1089-134686-0007,s2,ungated_deflation,2,-2.653835261766079
61-70968-0016_908-157963-0022_1089-134686-0007,s2,ungated_deflation,3,-7.1479826821952255
61-70968-0016_908-157963-0022_1089-134686-0007,s3,ungated_deflation,1,12.733483560979494
61-70968-0016_908-157963-0022_1089-134686-0007,s3,ungated_deflation,2,4.319393688336399
61-70968-0016_908-157963-0022_1089-134686-0007,s3,ungated_deflation,3,-13.267706788247494
61-70968-0016_908-157963-0022_1089-134686-0007,s1,gated_deflation,1,inf
61-70968-0016_908-157963-0022_1089-134686-0007,s1,gated_deflation,2,nan
61-70968-0016_908-157963-0022_1089-134686-0007,s1,gated_deflation,3,0.30308311303520286
61-70968-0016_908-157963-0022_1089-134686-0007,s2,gated_deflation,1,59.12240528282983
61-70968-0016_908-157963-0022_1089-134686-0007,s2,gated_deflation,2,-2.653835261766079
61-70968-0016_908-157963-0022_1089-134686-0007,s2,gated_deflation,3,-7.1479826821952255
61-70968-0016_908-157963-0022_1089-134686-0007,s3,gated_deflation,1,28.74504294707481
61-70968-0016_908-157963-0022_1089-134686-0007,s3,gated_deflation,2,2.7972314665342757
61-70968-0016_908-157963-0022_1089-134686-0007,s3,gated_deflation,3,-3.0346624047360726
61-70968-0016_908-157963-0022_1089-134686-0007,s1,coarse_to_fine,1,inf
61-70968-0016_908-157963-0022_1089-134686-0007,s1,coarse_to_fine,2,nan
61-70968-0016_908-157963-0022_1089-134686-0007,s1,coarse_to_fine,3,-6.650176745785997
61-70968-0016_908-157963-0022_1089-134686-0007,s2,coarse_to_fine,1,59.61462710232183
61-70968-0016_908-157963-0022_1089-134686-0007,s2,coarse_to_fine,2,-8.188478834467546
61-70968-0016_908-157963-0022_1089-134686-0007,s2,coarse_to_fine,3,-9.428841118219204
61-70968-0016_908-157963-0022_1089-134686-0007,s3,coarse_to_fine,1,29.68114058673203
61-70968-0016_908-157963-0022_1089-134686-0007,s3,coarse_to_fine,2,4.771976350225394
61-70968-0016_908-157963-0022_1089-134686-0007,s3,coarse_to_fine,3,3.310895865498113
8230-279154-0018_1995-1836-0007_6930-76324-0006,s1,no_recursion,1,68.24376148005844
8230-279154-0018_1995-1836-0007_6930-76324-0006,s1,no_recursion,2,6.221424649560285
8230-279154-0018_1995-1836-0007_6930-76324-0006,s1,no_recursion,3,5.72181449916437
8230-279154-0018_1995-1836-0007_6930-76324-0006,s2,no_recursion,1,inf
8230-279154-0018_1995-1836-0007_6930-76324-0006,s2,no_recursion,2,nan
8230-279154-0018_1995-1836-0007_6930-76324-0006,s2,no_recursion,3,-0.3854621192087979
8230-279154-0018_1995-1836-0007_6930-76324-0006,s3,no_recursion,1,29.825061863167686
8230-279154-0018_1995-1836-0007_6930-76324-0006,s3,no_recursion,2,4.71954036471937
8230-279154-0018_1995-1836-0007_6930-76324-0006,s3,no_recursion,3,5.956930442414946
8230-279154-0018_1995-1836-0007_6930-76324-0006,s1,ungated_deflation,1,55.17448843856254
8230-279154-0018_1995-1836-0007_6930-76324-0006,s1,ungated_deflation,2,-2.3040312084610974
8230-279154-0018_1995-1836-0007_6930-76324-0006,s1,ungated_deflation,3,-9.33879106520447
8230-279154-0018_1995-1836-0007_6930-76324-0006,s2,ungated_deflation,1,inf
8230-279154-0018_1995-1836-0007_6930-76324-0006,s2,ungated_deflation,2,nan
8230-279154-0018_1995-1836-0007_6930-76324-0006,s2,ungated_deflation,3,-0.3854621192087979
8230-279154-0018_1995-1836-0007_6930-76324-0006,s3,ungated_deflation,1,29.613736873610893
8230-279154-0018_1995-1836-0007_6930-76324-0006,s3,ungated_deflation,2,3.775358301049963
8230-279154-0018_1995-1836-0007_6930-76324-0006,s3,ungated_deflation,3,-3.327185515028928
8230-279154-0018_1995-1836-0007_6930-76324-0006,s1,gated_deflation,1,55.17448843856254
8230-279154-0018_1995-1836-0007_6930-76324-0006,s1,gated_deflation,2,-2.3040312084610974
8230-279154-0018_1995-1836-0007_6930-76324-0006,s1,gated_deflation,3,-9.33879106520447
8230-279154-0018_1995-1836-0007_6930-76324-0006,s2,gated_deflation,1,inf
8230-279154-0018_1995-1836-0007_6930-76324-0006,s2,gated_deflation,2,nan
8230-279154-0018_1995-1836-0007_6930-76324-0006,s2,gated_deflation,3,-0.3854621192087979
8230-279154-0018_1995-1836-0007_6930-76324-0006,s3,gated_deflation,1,29.613736873610893
8230-279154-0018_1995-1836-0007_6930-76324-0006,s3,gated_deflation,2,3.775358301049963
8230-279154-0018_1995-1836-0007_6930-76324-0006,s3,gated_deflation,3,-3.327185515028928
8230-279154-0018_1995-1836-0007_6930-76324-0006,s1,coarse_to_fine,1,70.54257800924825
8230-279154-0018_1995-1836-0007_6930-76324-0006,s1,coarse_to_fine,2,3.8284311591744045
8230-279154-0018_1995-1836-0007_6930-76324-0006,s1,coarse_to_fine,3,2.2843984467230762
8230-279154-0018_1995-1836-0007_6930-76324-0006,s2,coarse_to_fine,1,inf
8230-279154-0018_1995-1836-0007_6930-76324-0006,s2,coarse_to_fine,2,nan
8230-279154-0018_1995-1836-0007_6930-76324-0006,s2,coarse_to_fine,3,-1.9180521544939317
8230-279154-0018_1995-1836-0007_6930-76324-0006,s3,coarse_to_fine,1,29.971309540128157
8230-279154-0018_1995-1836-0007_6930-76324-0006,s3,coarse_to_fine,2,-3.4488556222852362
8230-279154-0018_1995-1836-0007_6930-76324-0006,s3,coarse_to_fine,3,1.0740375707624703
5142-33396-0020_4992-41797-0015_7021-85628-0010,s1,no_recursion,1,inf
5142-33396-0020_4992-41797-0015_7021-85628-0010,s1,no_recursion,2,nan
5142-33396-0020_4992-41797-0015_7021-85628-0010,s1,no_recursion,3,-0.718951527836664
5142-33396-0020_4992-41797-0015_7021-85628-0010,s2,no_recursion,1,23.983491261665314
5142-33396-0020_4992-41797-0015_7021-85628-0010,s2,no_recursion,2,12.64302502360999
5142-33396-0020_4992-41797-0015_7021-85628-0010,s2,no_recursion,3,2.873521768952295
5142-33396-0020_4992-41797-0015_7021-85628-0010,s3,no_recursion,1,49.47731347626998
5142-33396-0020_4992-41797-0015_7021-85628-0010,s3,no_recursion,2,7.8684482692258655
5142-33396-0020_4992-41797-0015_7021-85628-0010,s3,no_recursion,3,2.032081040443718
5142-33396-0020_4992-41797-0015_7021-85628-0010,s1,ungated_deflation,1,inf
5142-33396-0020_4992-41797-0015_7021-85628-0010,s1,ungated_deflation,2,nan
5142-33396-0020_4992-41797-0015_7021-85628-0010,s1,ungated_deflation,3,-0.718951527836664
5142-33396-0020_4992-41797-0015_7021-85628-0010,s2,ungated_deflation,1,27.179959201580665
5142-33396-0020_4992-41797-0015_7021-85628-0010,s2,ungated_deflation,2,-1.023248150672485
5142-33396-0020_4992-41797-0015_7021-85628-0010,s2,ungated_deflation,3,-14.571320893083188
5142-33396-0020_4992-41797-0015_7021-85628-0010,s3,ungated_deflation,1,44.020610965787974
5142-33396-0020_4992-41797-0015_7021-85628-0010,s3,ungated_deflation,2,7.437861255503401
5142-33396-0020_4992-41797-0015_7021-85628-0010,s3,ungated_deflation,3,-14.201719238706481
5142-33396-0020_4992-41797-0015_7021-85628-0010,s1,gated_deflation,1,inf
5142-33396-0020_4992-41797-0015_7021-85628-0010,s1,gated_deflation,2,nan
5142-33396-0020_4992-41797-0015_7021-85628-0010,s1,gated_deflation,3,-0.718951527836664
5142-33396-0020_4992-41797-0015_7021-85628-0010,s2,gated_deflation,1,27.179959201580665
5142-33396-0020_4992-41797-0015_7021-85628-0010,s2,gated_deflation,2,-1.023248150672485
5142-33396-0020_4992-41797-0015_7021-85628-0010,s2,gated_deflation,3,-14.571320893083188
5142-33396-0020_4992-41797-0015_7021-85628-0010,s3,gated_deflation,1,44.020610965787974
5142-33396-0020_4992-41797-0015_7021-85628-0010,s3,gated_deflation,2,7.437861255503401
5142-33396-0020_4992-41797-0015_7021-85628-0010,s3,gated_deflation,3,-14.201719238706481
5142-33396-0020_4992-41797-0015_7021-85628-0010,s1,coarse_to_fine,1,inf
5142-33396-0020_4992-41797-0015_7021-85628-0010,s1,coarse_to_fine,2,nan
5142-33396-0020_4992-41797-0015_7021-85628-0010,s1,coarse_to_fine,3,-1.5054117080524265
5142-33396-0020_4992-41797-0015_7021-85628-0010,s2,coarse_to_fine,1,23.86152261166954
5142-33396-0020_4992-41797-0015_7021-85628-0010,s2,coarse_to_fine,2,11.82324910301019
5142-33396-0020_4992-41797-0015_7021-85628-0010,s2,coarse_to_fine,3,2.8090810664049224
5142-33396-0020_4992-41797-0015_7021-85628-0010,s3,coarse_to_fine,1,49.413312876411474
5142-33396-0020_4992-41797-0015_7021-85628-0010,s3,coarse_to_fine,2,8.361275723428697
5142-33396-0020_4992-41797-0015_7021-85628-0010,s3,coarse_to_fine,3,2.0168987418293383
5683-32866-0004_121-121726-0005_5142-33396-0003,s1,no_recursion,1,76.06577046423632
5683-32866-0004_121-121726-0005_5142-33396-0003,s1,no_recursion,2,8.297221674790284
5683-32866-0004_121-121726-0005_5142-33396-0003,s1,no_recursion,3,0.7046889050607842
5683-32866-0004_121-121726-0005_5142-33396-0003,s2,no_recursion,1,inf
5683-32866-0004_121-121726-0005_5142-33396-0003,s2,no_recursion,2,nan
5683-32866-0004_121-121726-0005_5142-33396-0003,s2,no_recursion,3,-5.264521744369843
5683-32866-0004_121-121726-0005_5142-33396-0003,s3,no_recursion,1,18.08323268539617
5683-32866-0004_121-121726-0005_5142-33396-0003,s3,no_recursion,2,-4.5271865321607265
5683-32866-0004_121-121726-0005_5142-33396-0003,s3,no_recursion,3,-3.0329219601921693
5683-32866-0004_121-121726-0005_5142-33396-0003,s1,ungated_deflation,1,74.11455765452726
5683-32866-0004_121-121726-0005_5142-33396-0003,s1,ungated_deflation,2,2.6484473241733806
5683-32866-0004_121-121726-0005_5142-33396-0003,s1,ungated_deflation,3,-7.300291140489572
5683-32866-0004_121-121726-0005_5142-33396-0003,s2,ungated_deflation,1,inf
5683-32866-0004_121-121726-0005_5142-33396-0003,s2,ungated_deflation,2,nan
5683-32866-0004_121-121726-0005_5142-33396-0003,s2,ungated_deflation,3,-5.264521744369843
5683-32866-0004_121-121726-0005_5142-33396-0003,s3,ungated_deflation,1,18.483197191437675
5683-32866-0004_121-121726-0005_5142-33396-0003,s3,ungated_deflation,2,-3.131768533938135
5683-32866-0004_121-121726-0005_5142-33396-0003,s3,ungated_deflation,3,-21.070865499297845
5683-32866-0004_121-121726-0005_5142-33396-0003,s1,gated_deflation,1,76.06577046423632
5683-32866-0004_121-121726-0005_5142-33396-0003,s1,gated_deflation,2,8.297221674790284
5683-32866-0004_121-121726-0005_5142-33396-0003,s1,gated_deflation,3,0.7046889050607842
5683-32866-0004_121-121726-0005_5142-33396-0003,s2,gated_deflation,1,inf
5683-32866-0004_121-121726-0005_5142-33396-0003,s2,gated_deflation,2,nan
5683-32866-0004_121-121726-0005_5142-33396-0003,s2,gated_deflation,3,-5.264521744369843
5683-32866-0004_121-121726-0005_5142-33396-0003,s3,gated_deflation,1,18.08323268539617
5683-32866-0004_121-121726-0005_5142-33396-0003,s3,gated_deflation,2,-4.5271865321607265
5683-32866-0004_121-121726-0005_5142-33396-0003,s3,gated_deflation,3,-3.0329219601921693
5683-32866-0004_121-121726-0005_5142-33396-0003,s1,coarse_to_fine,1,75.94294357743797
5683-32866-0004_121-121726-0005_5142-33396-0003,s1,coarse_to_fine,2,7.506147460077138
5683-32866-0004_121-121726-0005_5142-33396-0003,s1,coarse_to_fine,3,-2.5559539937866327
5683-32866-0004_121-121726-0005_5142-33396-0003,s2,coarse_to_fine,1,inf
5683-32866-0004_121-121726-0005_5142-33396-0003,s2,coarse_to_fine,2,nan
5683-32866-0004_121-121726-0005_5142-33396-0003,s2,coarse_to_fine,3,-5.264521744369843
5683-32866-0004_121-121726-0005_5142-33396-0003,s3,coarse_to_fine,1,18.573390052485532
5683-32866-0004_121-121726-0005_5142-33396-0003,s3,coarse_to_fine,2,-5.197800650272103
5683-32866-0004_121-121726-0005_5142-33396-0003,s3,coarse_to_fine,3,-3.9145559242500183
7176-88083-0020_4446-2271-0013_6829-68769-0032,s1,no_recursion,1,inf
7176-88083-0020_4446-2271-0013_6829-68769-0032,s1,no_recursion,2,6.772845546807776
7176-88083-0020_4446-2271-0013_6829-68769-0032,s1,no_recursion,3,4.617688406457235
7176-88083-0020_4446-2271-0013_6829-68769-0032,s2,no_recursion,1,inf
7176-88083-0020_4446-2271-0013_6829-68769-0032,s2,no_recursion,2,nan
7176-88083-0020_4446-2271-0013_6829-68769-0032,s2,no_recursion,3,-7.6622585739574625
7176-88083-0020_4446-2271-0013_6829-68769-0032,s3,no_recursion,1,31.697655998181645
7176-88083-0020_4446-2271-0013_6829-68769-0032,s3,no_recursion,2,2.012368990372511
7176-88083-0020_4446-2271-0013_6829-68769-0032,s3,no_recursion,3,-2.254533084711987
7176-88083-0020_4446-2271-0013_6829-68769-0032,s1,ungated_deflation,1,inf
7176-88083-0020_4446-2271-0013_6829-68769-0032,s1,ungated_deflation,2,6.772845546807776
7176-88083-0020_4446-2271-0013_6829-68769-0032,s1,ungated_deflation,3,4.617688406457235
7176-88083-0020_4446-2271-0013_6829-68769-0032,s2,ungated_deflation,1,inf
7176-88083-0020_4446-2271-0013_6829-68769-0032,s2,ungated_deflation,2,nan
7176-88083-0020_4446-2271-0013_6829-68769-0032,s2,ungated_deflation,3,-7.765903387192377
7176-88083-0020_4446-2271-0013_6829-68769-0032,s3,ungated_deflation,1,20.240186244569628
7176-88083-0020_4446-2271-0013_6829-68769-0032,s3,ungated_deflation,2,-8.579641500819715
7176-88083-0020_4446-2271-0013_6829-68769-0032,s3,ungated_deflation,3,-7.07607119104661
7176-88083-0020_4446-2271-0013_6829-68769-0032,s1,gated_deflation,1,inf
7176-88083-0020_4446-2271-0013_6829-68769-0032,s1,gated_deflation,2,6.772845546807776
7176-88083-0020_4446-2271-0013_6829-68769-0032,s1,gated_deflation,3,4.617688406457235
7176-88083-0020_4446-2271-0013_6829-68769-0032,s2,gated_deflation,1,inf
7176-88083-0020_4446-2271-0013_6829-68769-0032,s2,gated_deflation,2,nan
7176-88083-0020_4446-2271-0013_6829-68769-0032,s2,gated_deflation,3,-7.765903387192377
7176-88083-0020_4446-2271-0013_6829-68769-0032,s3,gated_deflation,1,18.265953336969282
7176-88083-0020_4446-2271-0013_6829-68769-0032,s3,gated_deflation,2,-5.869615597678242
7176-88083-0020_4446-2271-0013_6829-68769-0032,s3,gated_deflation,3,-8.691620641729843
7176-88083-0020_4446-2271-0013_6829-68769-0032,s1,coarse_to_fine,1,inf
7176-88083-0020_4446-2271-0013_6829-68769-0032,s1,coarse_to_fine,2,6.941534297256005
7176-88083-0020_4446-2271-0013_6829-68769-0032,s1,coarse_to_fine,3,5.106214661479242
7176-88083-0020_4446-2271-0013_6829-68769-0032,s2,coarse_to_fine,1,inf
7176-88083-0020_4446-2271-0013_6829-68769-0032,s2,coarse_to_fine,2,nan
7176-88083-0020_4446-2271-0013_6829-68769-0032,s2,coarse_to_fine,3,-7.6622585739574625
7176-88083-0020_4446-2271-0013_6829-68769-0032,s3,coarse_to_fine,1,31.16946254387914
7176-88083-0020_4446-2271-0013_6829-68769-0032,s3,coarse_to_fine,2,4.606892603380543
7176-88083-0020_4446-2271-0013_6829-68769-0032,s3,coarse_to_fine,3,-2.296889712448583
6829-68769-0004_4077-13751-0008_4992-41797-0005,s1,no_recursion,1,inf
6829-68769-0004_4077-13751-0008_4992-41797-0005,s1,no_recursion,2,4.778615360869179
6829-68769-0004_4077-13751-0008_4992-41797-0005,s1,no_recursion,3,-5.29385022173459
6829-68769-0004_4077-13751-0008_4992-41797-0005,s2,no_recursion,1,44.193251469742364
6829-68769-0004_4077-13751-0008_4992-41797-0005,s2,no_recursion,2,8.293471003197508
6829-68769-0004_4077-13751-0008_4992-41797-0005,s2,no_recursion,3,4.314199961380669
6829-68769-0004_4077-13751-0008_4992-41797-0005,s3,no_recursion,1,40.323363964859965
6829-68769-0004_4077-13751-0008_4992-41797-0005,s3,no_recursion,2,nan
6829-68769-0004_4077-13751-0008_4992-41797-0005,s3,no_recursion,3,1.3258716641050272
6829-68769-0004_4077-13751-0008_4992-41797-0005,s1,ungated_deflation,1,inf
6829-68769-0004_4077-13751-0008_4992-41797-0005,s1,ungated_deflation,2,4.778615360869179
6829-68769-0004_4077-13751-0008_4992-41797-0005,s1,ungated_deflation,3,-5.29385022173459
6829-68769-0004_4077-13751-0008_4992-41797-0005,s2,ungated_deflation,1,32.68969287422297
6829-68769-0004_4077-13751-0008_4992-41797-0005,s2,ungated_deflation,2,-1.5532867806401773
6829-68769-0004_4077-13751-0008_4992-41797-0005,s2,ungated_deflation,3,-5.811819719940326
6829-68769-0004_4077-13751-0008_4992-41797-0005,s3,ungated_deflation,1,29.957306071939115
6829-68769-0004_4077-13751-0008_4992-41797-0005,s3,ungated_deflation,2,nan
6829-68769-0004_4077-13751-0008_4992-41797-0005,s3,ungated_deflation,3,0.1418167449741374
6829-68769-0004_4077-13751-0008_4992-41797-0005,s1,gated_deflation,1,inf
6829-68769-0004_4077-13751-0008_4992-41797-0005,s1,gated_deflation,2,4.778615360869179
6829-68769-0004_4077-13751-0008_4992-41797-0005,s1,gated_deflation,3,-5.29385022173459
6829-68769-0004_4077-13751-0008_4992-41797-0005,s2,gated_deflation,1,29.200653560678216
6829-68769-0004_4077-13751-0008_4992-41797-0005,s2,gated_deflation,2,-2.5860435339223233
6829-68769-0004_4077-13751-0008_4992-41797-0005,s2,gated_deflation,3,-2.2736693838708715
6829-68769-0004_4077-13751-0008_4992-41797-0005,s3,gated_deflation,1,29.957306071939115
6829-68769-0004_4077-13751-0008_4992-41797-0005,s3,gated_deflation,2,nan
6829-68769-0004_4077-13751-0008_4992-41797-0005,s3,gated_deflation,3,0.1418167449741374
6829-68769-0004_4077-13751-0008_4992-41797-0005,s1,coarse_to_fine,1,inf
6829-68769-0004_4077-13751-0008_4992-41797-0005,s1,coarse_to_fine,2,2.583759980744566
6829-68769-0004_4077-13751-0008_4992-41797-0005,s1,coarse_to_fine,3,-5.465901153696569
6829-68769-0004_4077-13751-0008_4992-41797-0005,s2,coarse_to_fine,1,41.202836983903744
6829-68769-0004_4077-13751-0008_4992-41797-0005,s2,coarse_to_fine,2,8.458515052286154
6829-68769-0004_4077-13751-0008_4992-41797-0005,s2,coarse_to_fine,3,4.44437577190382
6829-68769-0004_4077-13751-0008_4992-41797-0005,s3,coarse_to_fine,1,39.29674917785553
6829-68769-0004_4077-13751-0008_4992-41797-0005,s3,coarse_to_fine,2,nan
6829-68769-0004_4077-13751-0008_4992-41797-0005,s3,coarse_to_fine,3,1.343863787139312
6930-81414-0027_7729-102255-0036_7127-75947-0015,s1,no_recursion,1,inf
6930-81414-0027_7729-102255-0036_7127-75947-0015,s1,no_recursion,2,nan
6930-81414-0027_7729-102255-0036_7127-75947-0015,s1,no_recursion,3,-0.47656192401481173
6930-81414-0027_7729-102255-0036_7127-75947-0015,s2,no_recursion,1,43.042831100445376
6930-81414-0027_7729-102255-0036_7127-75947-0015,s2,no_recursion,2,4.97390402443245
6930-81414-0027_7729-102255-0036_7127-75947-0015,s2,no_recursion,3,3.98712905642629
6930-81414-0027_7729-102255-0036_7127-75947-0015,s3,no_recursion,1,45.83575543112684
6930-81414-0027_7729-102255-0036_7127-75947-0015,s3,no_recursion,2,0.9331283011960362
6930-81414-0027_7729-102255-0036_7127-75947-0015,s3,no_recursion,3,-1.468600436894395
6930-81414-0027_7729-102255-0036_7127-75947-0015,s1,ungated_deflation,1,inf
6930-81414-0027_7729-102255-0036_7127-75947-0015,s1,ungated_deflation,2,nan
6930-81414-0027_7729-102255-0036_7127-75947-0015,s1,ungated_deflation,3,-0.47656192401481173
6930-81414-0027_7729-102255-0036_7127-75947-0015,s2,ungated_deflation,1,41.24235488482686
6930-81414-0027_7729-102255-0036_7127-75947-0015,s2,ungated_deflation,2,1.0934420536321383
6930-81414-0027_7729-102255-0036_7127-75947-0015,s2,ungated_deflation,3,-7.449085516547024
6930-81414-0027_7729-102255-0036_7127-75947-0015,s3,ungated_deflation,1,27.929432308983138
6930-81414-0027_7729-102255-0036_7127-75947-0015,s3,ungated_deflation,2,-1.718557465039805
6930-81414-0027_7729-102255-0036_7127-75947-0015,s3,ungated_deflation,3,-5.480001506037525
6930-81414-0027_7729-102255-0036_7127-75947-0015,s1,gated_deflation,1,inf
6930-81414-0027_7729-102255-0036_7127-75947-0015,s1,gated_deflation,2,nan
6930-81414-0027_7729-102255-0036_7127-75947-0015,s1,gated_deflation,3,-0.47656192401481173
6930-81414-0027_7729-102255-0036_7127-75947-0015,s2,gated_deflation,1,43.565398076384795
6930-81414-0027_7729-102255-0036_7127-75947-0015,s2,gated_deflation,2,3.8676618118529493
6930-81414-0027_7729-102255-0036_7127-75947-0015,s2,gated_deflation,3,-3.4483602705329623
6930-81414-0027_7729-102255-0036_7127-75947-0015,s3,gated_deflation,1,27.929432308983138
6930-81414-0027_7729-102255-0036_7127-75947-0015,s3,gated_deflation,2,-1.718557465039805
6930-81414-0027_7729-102255-0036_7127-75947-0015,s3,gated_deflation,3,-5.480001506037525
6930-81414-0027_7729-102255-0036_7127-75947-0015,s1,coarse_to_fine,1,inf
6930-81414-0027_7729-102255-0036_7127-75947-0015,s1,coarse_to_fine,2,nan
6930-81414-0027_7729-102255-0036_7127-75947-0015,s1,coarse_to_fine,3,-0.8644019613450676
6930-81414-0027_7729-102255-0036_7127-75947-0015,s2,coarse_to_fine,1,43.40651445855822
6930-81414-0027_7729-102255-0036_7127-75947-0015,s2,coarse_to_fine,2,4.640337165965691
6930-81414-0027_7729-102255-0036_7127-75947-0015,s2,coarse_to_fine,3,4.779514974217146
6930-81414-0027_7729-102255-0036_7127-75947-0015,s3,coarse_to_fine,1,43.35969464564451
6930-81414-0027_7729-102255-0036_7127-75947-0015,s3,coarse_to_fine,2,-2.8655422190629194
6930-81414-0027_7729-102255-0036_7127-75947-0015,s3,coarse_to_fine,3,-3.8621172815210847
4992-23283-0008_8555-284447-0009_4077-13751-0013,s1,no_recursion,1,31.886762093088137
4992-23283-0008_8555-284447-0009_4077-13751-0013,s1,no_recursion,2,8.94637575289546
4992-23283-0008_8555-284447-0009_4077-13751-0013,s1,no_recursion,3,1.4472640374792305
4992-23283-0008_8555-284447-0009_4077-13751-0013,s2,no_recursion,1,inf
4992-23283-0008_8555-284447-0009_4077-13751-0013,s2,no_recursion,2,nan
4992-23283-0008_8555-284447-0009_4077-13751-0013,s2,no_recursion,3,-2.3695377008600675
4992-23283-0008_8555-284447-0009_4077-13751-0013,s3,no_recursion,1,32.14670873966562
4992-23283-0008_8555-284447-0009_4077-13751-0013,s3,no_recursion,2,1.8726121503228044
4992-23283-0008_8555-284447-0009_4077-13751-0013,s3,no_recursion,3,-2.570289385444542
4992-23283-0008_8555-284447-0009_4077-13751-0013,s1,ungated_deflation,1,31.511869849686647
4992-23283-0008_8555-284447-0009_4077-13751-0013,s1,ungated_deflation,2,3.696192639900268
4992-23283-0008_8555-284447-0009_4077-13751-0013,s1,ungated_deflation,3,-2.737910354531511
4992-23283-0008_8555-284447-0009_4077-13751-0013,s2,ungated_deflation,1,inf
4992-23283-0008_8555-284447-0009_4077-13751-0013,s2,ungated_deflation,2,nan
4992-23283-0008_8555-284447-0009_4077-13751-0013,s2,ungated_deflation,3,-2.3695377008600675
4992-23283-0008_8555-284447-0009_4077-13751-0013,s3,ungated_deflation,1,12.477938649069877
4992-23283-0008_8555-284447-0009_4077-13751-0013,s3,ungated_deflation,2,-1.2882329316244234
4992-23283-0008_8555-284447-0009_4077-13751-0013,s3,ungated_deflation,3,-4.194750598245581
4992-23283-0008_8555-284447-0009_4077-13751-0013,s1,gated_deflation,1,31.511869849686647
4992-23283-0008_8555-284447-0009_4077-13751-0013,s1,gated_deflation,2,3.696192639900268
4992-23283-0008_8555-284447-0009_4077-13751-0013,s1,gated_deflation,3,-2.737910354531511
4992-23283-0008_8555-284447-0009_4077-13751-0013,s2,gated_deflation,1,inf
4992-23283-0008_8555-284447-0009_4077-13751-0013,s2,gated_deflation,2,nan
4992-23283-0008_8555-284447-0009_4077-13751-0013,s2,gated_deflation,3,-2.3695377008600675
4992-23283-0008_8555-284447-0009_4077-13751-0013,s3,gated_deflation,1,12.477938649069877
4992-23283-0008_8555-284447-0009_4077-13751-0013,s3,gated_deflation,2,-1.2882329316244234
4992-23283-0008_8555-284447-0009_4077-13751-0013,s3,gated_deflation,3,-4.194750598245581
4992-23283-0008_8555-284447-0009_4077-13751-0013,s1,coarse_to_fine,1,30.194328608763318
4992-23283-0008_8555-284447-0009_4077-13751-0013,s1,coarse_to_fine,2,6.8713256583617035
4992-23283-0008_8555-284447-0009_4077-13751-0013,s1,coarse_to_fine,3,1.3287684854644686
4992-23283-0008_8555-284447-0009_4077-13751-0013,s2,coarse_to_fine,1,inf
4992-23283-0008_8555-284447-0009_4077-13751-0013,s2,coarse_to_fine,2,nan
4992-23283-0008_8555-284447-0009_4077-13751-0013,s2,coarse_to_fine,3,-2.2230813691593294
4992-23283-0008_8555-284447-0009_4077-13751-0013,s3,coarse_to_fine,1,35.3618397561922
4992-23283-0008_8555-284447-0009_4077-13751-0013,s3,coarse_to_fine,2,-2.718779608275766
4992-23283-0008_8555-284447-0009_4077-13751-0013,s3,coarse_to_fine,3,-3.8040454093498335
1188-133604-0005_4446-2275-0035_1580-141083-0026,s1,no_recursion,1,55.41291905192484
1188-133604-0005_4446-2275-0035_1580-141083-0026,s1,no_recursion,2,15.529118513144514
1188-133604-0005_4446-2275-0035_1580-141083-0026,s1,no_recursion,3,8.280182554582689
1188-133604-0005_4446-2275-0035_1580-141083-0026,s2,no_recursion,1,inf
1188-133604-0005_4446-2275-0035_1580-141083-0026,s2,no_recursion,2,nan
1188-133604-0005_4446-2275-0035_1580-141083-0026,s2,no_recursion,3,5.799926800667674
1188-133604-0005_4446-2275-0035_1580-141083-0026,s3,no_recursion,1,24.79374887468818
1188-133604-0005_4446-2275-0035_1580-141083-0026,s3,no_recursion,2,-14.919677476767415
1188-133604-0005_4446-2275-0035_1580-141083-0026,s3,no_recursion,3,-1.6233224156554322
1188-133604-0005_4446-2275-0035_1580-141083-0026,s1,ungated_deflation,1,51.195622514715204
1188-133604-0005_4446-2275-0035_1580-141083-0026,s1,ungated_deflation,2,-3.1016970013944087
1188-133604-0005_4446-2275-0035_1580-141083-0026,s1,ungated_deflation,3,-6.0247132736568005
1188-133604-0005_4446-2275-0035_1580-141083-0026,s2,ungated_deflation,1,inf
1188-133604-0005_4446-2275-0035_1580-141083-0026,s2,ungated_deflation,2,nan
1188-133604-0005_4446-2275-0035_1580-141083-0026,s2,ungated_deflation,3,5.799926800667674
1188-133604-0005_4446-2275-0035_1580-141083-0026,s3,ungated_deflation,1,17.9871235128989
1188-133604-0005_4446-2275-0035_1580-141083-0026,s3,ungated_deflation,2,-10.637435321621782
1188-133604-0005_4446-2275-0035_1580-141083-0026,s3,ungated_deflation,3,1.9479235373535795
1188-133604-0005_4446-2275-0035_1580-141083-0026,s1,gated_deflation,1,51.195622514715204
1188-133604-0005_4446-2275-0035_1580-141083-0026,s1,gated_deflation,2,-3.1016970013944087
1188-133604-0005_4446-2275-0035_1580-141083-0026,s1,gated_deflation,3,-6.0247132736568005
1188-133604-0005_4446-2275-0035_1580-141083-0026,s2,gated_deflation,1,inf
1188-133604-0005_4446-2275-0035_1580-141083-0026,s2,gated_deflation,2,nan
1188-133604-0005_4446-2275-0035_1580-141083-0026,s2,gated_deflation,3,5.799926800667674
1188-133604-0005_4446-2275-0035_1580-141083-0026,s3,gated_deflation,1,17.9871235128989
1188-133604-0005_4446-2275-0035_1580-141083-0026,s3,gated_deflation,2,-10.637435321621782
1188-133604-0005_4446-2275-0035_1580-141083-0026,s3,gated_deflation,3,1.9479235373535795
1188-133604-0005_4446-2275-0035_1580-141083-0026,s1,coarse_to_fine,1,56.457436015171545
1188-133604-0005_4446-2275-0035_1580-141083-0026,s1,coarse_to_fine,2,16.010660623416143
1188-133604-0005_4446-2275-0035_1580-141083-0026,s1,coarse_to_fine,3,8.790093901101075
1188-133604-0005_4446-2275-0035_1580-141083-0026,s2,coarse_to_fine,1,inf
1188-133604-0005_4446-2275-0035_1580-141083-0026,s2,coarse_to_fine,2,nan
1188-133604-0005_4446-2275-0035_1580-141083-0026,s2,coarse_to_fine,3,-14.750856741268558
1188-133604-0005_4446-2275-0035_1580-141083-0026,s3,coarse_to_fine,1,24.981125006170032
1188-133604-0005_4446-2275-0035_1580-141083-0026,s3,coarse_to_fine,2,-14.388224420356103
1188-133604-0005_4446-2275-0035_1580-141083-0026,s3,coarse_to_fine,3,-4.0760414666079035
5639-40744-0026_4446-2271-0019_8230-279154-0022,s1,no_recursion,1,67.16692371326477
5639-40744-0026_4446-2271-0019_8230-279154-0022,s1,no_recursion,2,4.236846059315432
5639-40744-0026_4446-2271-0019_8230-279154-0022,s1,no_recursion,3,-3.9661047312535564
5639-40744-0026_4446-2271-0019_8230-279154-0022,s2,no_recursion,1,inf
5639-40744-0026_4446-2271-0019_8230-279154-0022,s2,no_recursion,2,nan
5639-40744-0026_4446-2271-0019_8230-279154-0022,s2,no_recursion,3,2.9679886768289307
5639-40744-0026_4446-2271-0019_8230-279154-0022,s3,no_recursion,1,28.454134854551057
5639-40744-0026_4446-2271-0019_8230-279154-0022,s3,no_recursion,2,2.2904706056096757
5639-40744-0026_4446-2271-0019_8230-279154-0022,s3,no_recursion,3,1.0224480120734138
5639-40744-0026_4446-2271-0019_8230-279154-0022,s1,ungated_deflation,1,66.02170619331307
5639-40744-0026_4446-2271-0019_8230-279154-0022,s1,ungated_deflation,2,-2.2013624224516395
5639-40744-0026_4446-2271-0019_8230-279154-0022,s1,ungated_deflation,3,-26.928083566663382
5639-40744-0026_4446-2271-0019_8230-279154-0022,s2,ungated_deflation,1,inf
5639-40744-0026_4446-2271-0019_8230-279154-0022,s2,ungated_deflation,2,nan
5639-40744-0026_4446-2271-0019_8230-279154-0022,s2,ungated_deflation,3,2.9679886768289307
5639-40744-0026_4446-2271-0019_8230-279154-0022,s3,ungated_deflation,1,23.695510736770977
5639-40744-0026_4446-2271-0019_8230-279154-0022,s3,ungated_deflation,2,0.8175258630805091
5639-40744-0026_4446-2271-0019_8230-279154-0022,s3,ungated_deflation,3,-11.389691733669281
5639-40744-0026_4446-2271-0019_8230-279154-0022,s1,gated_deflation,1,67.16692371326477
5639-40744-0026_4446-2271-0019_8230-279154-0022,s1,gated_deflation,2,4.236846059315432
5639-40744-0026_4446-2271-0019_8230-279154-0022,s1,gated_deflation,3,-3.9661047312535564
5639-40744-0026_4446-2271-0019_8230-279154-0022,s2,gated_deflation,1,inf
5639-40744-0026_4446-2271-0019_8230-279154-0022,s2,gated_deflation,2,nan
5639-40744-0026_4446-2271-0019_8230-279154-0022,s2,gated_deflation,3,2.9679886768289307
5639-40744-0026_4446-2271-0019_8230-279154-0022,s3,gated_deflation,1,28.454134854551057
5639-40744-0026_4446-2271-0019_8230-279154-0022,s3,gated_deflation,2,2.2904706056096757
5639-40744-0026_4446-2271-0019_8230-279154-0022,s3,gated_deflation,3,1.0224480120734138
5639-40744-0026_4446-2271-0019_8230-279154-0022,s1,coarse_to_fine,1,67.83521198790807
5639-40744-0026_4446-2271-0019_8230-279154-0022,s1,coarse_to_fine,2,3.348236058105808
5639-40744-0026_4446-2271-0019_8230-279154-0022,s1,coarse_to_fine,3,-4.026150275545258
5639-40744-0026_4446-2271-0019_8230-279154-0022,s2,coarse_to_fine,1,inf
5639-40744-0026_4446-2271-0019_8230-279154-0022,s2,coarse_to_fine,2,nan
5639-40744-0026_4446-2271-0019_8230-279154-0022,s2,coarse_to_fine,3,2.665862218054645
5639-40744-0026_4446-2271-0019_8230-279154-0022,s3,coarse_to_fine,1,26.739681154159634
5639-40744-0026_4446-2271-0019_8230-279154-0022,s3,coarse_to_fine,2,1.2155987418719276
5639-40744-0026_4446-2271-0019_8230-279154-0022,s3,coarse_to_fine,3,0.11045303211819013
5683-32879-0017_7176-92135-0009_4077-13751-0014,s1,no_recursion,1,50.09576416879781
5683-32879-0017_7176-92135-0009_4077-13751-0014,s1,no_recursion,2,7.969931388042778
5683-32879-0017_7176-92135-0009_4077-13751-0014,s1,no_recursion,3,2.9302309719108055
5683-32879-0017_7176-92135-0009_4077-13751-0014,s2,no_recursion,1,inf
5683-32879-0017_7176-92135-0009_4077-13751-0014,s2,no_recursion,2,nan
5683-32879-0017_7176-92135-0009_4077-13751-0014,s2,no_recursion,3,-0.24318828857292143
5683-32879-0017_7176-92135-0009_4077-13751-0014,s3,no_recursion,1,29.054984887275573
5683-32879-0017_7176-92135-0009_4077-13751-0014,s3,no_recursion,2,12.352985687430804
5683-32879-0017_7176-92135-0009_4077-13751-0014,s3,no_recursion,3,0.6699837858948812
5683-32879-0017_7176-92135-0009_4077-13751-0014,s1,ungated_deflation,1,46.59615200240878
5683-32879-0017_7176-92135-0009_4077-13751-0014,s1,ungated_deflation,2,1.773007538816522
5683-32879-0017_7176-92135-0009_4077-13751-0014,s1,ungated_deflation,3,-11.03376371924853
5683-32879-0017_7176-92135-0009_4077-13751-0014,s2,ungated_deflation,1,inf
5683-32879-0017_7176-92135-0009_4077-13751-0014,s2,ungated_deflation,2,nan
5683-32879-0017_7176-92135-0009_4077-13751-0014,s2,ungated_deflation,3,-0.24318828857292143
5683-32879-0017_7176-92135-0009_4077-13751-0014,s3,ungated_deflation,1,22.480460601640196
5683-32879-0017_7176-92135-0009_4077-13751-0014,s3,ungated_deflation,2,7.035903426091029
5683-32879-0017_7176-92135-0009_4077-13751-0014,s3,ungated_deflation,3,-2.552516745410034
5683-32879-0017_7176-92135-0009_4077-13751-0014,s1,gated_deflation,1,40.24276176109272
5683-32879-0017_7176-92135-0009_4077-13751-0014,s1,gated_deflation,2,-4.013048749401138
5683-32879-0017_7176-92135-0009_4077-13751-0014,s1,gated_deflation,3,-10.019299787019488
5683-32879-0017_7176-92135-0009_4077-13751-0014,s2,gated_deflation,1,inf
5683-32879-0017_7176-92135-0009_4077-13751-0014,s2,gated_deflation,2,nan
5683-32879-0017_7176-92135-0009_4077-13751-0014,s2,gated_deflation,3,-0.24318828857292143
5683-32879-0017_7176-92135-0009_4077-13751-0014,s3,gated_deflation,1,29.054984887275573
5683-32879-0017_7176-92135-0009_4077-13751-0014,s3,gated_deflation,2,12.352985687430804
5683-32879-0017_7176-92135-0009_4077-13751-0014,s3,gated_deflation,3,0.6699837858948812
5683-32879-0017_7176-92135-0009_4077-13751-0014,s1,coarse_to_fine,1,49.41342098068412
5683-32879-0017_7176-92135-0009_4077-13751-0014,s1,coarse_to_fine,2,6.579631583461448
5683-32879-0017_7176-92135-0009_4077-13751-0014,s1,coarse_to_fine,3,3.1540116829768223
5683-32879-0017_7176-92135-0009_4077-13751-0014,s2,coarse_to_fine,1,inf
5683-32879-0017_7176-92135-0009_4077-13751-0014,s2,coarse_to_fine,2,nan
5683-32879-0017_7176-92135-0009_4077-13751-0014,s2,coarse_to_fine,3,-2.0592837184940573
5683-32879-0017_7176-92135-0009_4077-13751-0014,s3,coarse_to_fine,1,29.627336261847915
5683-32879-0017_7176-92135-0009_4077-13751-0014,s3,coarse_to_fine,2,11.244940767661156
5683-32879-0017_7176-92135-0009_4077-13751-0014,s3,coarse_to_fine,3,1.4500778538912131
237-134500-0014_4077-13754-0006_8455-210777-0034,s1,no_recursion,1,inf
237-134500-0014_4077-13754-0006_8455-210777-0034,s1,no_recursion,2,nan
237-134500-0014_4077-13754-0006_8455-210777-0034,s1,no_recursion,3,-2.106519604101474
237-134500-0014_4077-13754-0006_8455-210777-0034,s2,no_recursion,1,32.10543647010924
237-134500-0014_4077-13754-0006_8455-210777-0034,s2,no_recursion,2,-3.8382371305704637
237-134500-0014_4077-13754-0006_8455-210777-0034,s2,no_recursion,3,-4.899050776556023
237-134500-0014_4077-13754-0006_8455-210777-0034,s3,no_recursion,1,26.51767344051034
237-134500-0014_4077-13754-0006_8455-210777-0034,s3,no_recursion,2,-8.402915875492987
237-134500-0014_4077-13754-0006_8455-210777-0034,s3,no_recursion,3,-9.882495753054343
237-134500-0014_4077-13754-0006_8455-210777-0034,s1,ungated_deflation,1,inf
237-134500-0014_4077-13754-0006_8455-210777-0034,s1,ungated_deflation,2,nan
237-134500-0014_4077-13754-0006_8455-210777-0034,s1,ungated_deflation,3,-2.106519604101474
237-134500-0014_4077-13754-0006_8455-210777-0034,s2,ungated_deflation,1,33.93394595353509
237-134500-0014_4077-13754-0006_8455-210777-0034,s2,ungated_deflation,2,-1.4414822569735422
237-134500-0014_4077-13754-0006_8455-210777-0034,s2,ungated_deflation,3,-5.722536231718315
237-134500-0014_4077-13754-0006_8455-210777-0034,s3,ungated_deflation,1,19.587219153112102
237-134500-0014_4077-13754-0006_8455-210777-0034,s3,ungated_deflation,2,-6.107081383519346
237-134500-0014_4077-13754-0006_8455-210777-0034,s3,ungated_deflation,3,-9.633730273640401
237-134500-0014_4077-13754-0006_8455-210777-0034,s1,gated_deflation,1,inf
237-134500-0014_4077-13754-0006_8455-210777-0034,s1,gated_deflation,2,nan
237-134500-0014_4077-13754-0006_8455-210777-0034,s1,gated_deflation,3,-2.106519604101474
237-134500-0014_4077-13754-0006_8455-210777-0034,s2,gated_deflation,1,32.10543647010924
237-134500-0014_4077-13754-0006_8455-210777-0034,s2,gated_deflation,2,-3.8382371305704637
237-134500-0014_4077-13754-0006_8455-210777-0034,s2,gated_deflation,3,-4.899050776556023
237-134500-0014_4077-13754-0006_8455-210777-0034,s3,gated_deflation,1,26.51767344051034
237-134500-0014_4077-13754-0006_8455-210777-0034,s3,gated_deflation,2,-8.402915875492987
237-134500-0014_4077-13754-0006_8455-210777-0034,s3,gated_deflation,3,-9.882495753054343
237-134500-0014_4077-13754-0006_8455-210777-0034,s1,coarse_to_fine,1,inf
237-134500-0014_4077-13754-0006_8455-210777-0034,s1,coarse_to_fine,2,nan
237-134500-0014_4077-13754-0006_8455-210777-0034,s1,coarse_to_fine,3,-1.8424096239980725
237-134500-0014_4077-13754-0006_8455-210777-0034,s2,coarse_to_fine,1,31.985848043237684
237-134500-0014_4077-13754-0006_8455-210777-0034,s2,coarse_to_fine,2,-4.8828106567093394
237-134500-0014_4077-13754-0006_8455-210777-0034,s2,coarse_to_fine,3,-6.253903015424208
237-134500-0014_4077-13754-0006_8455-210777-0034,s3,coarse_to_fine,1,26.51767344051034
237-134500-0014_4077-13754-0006_8455-210777-0034,s3,coarse_to_fine,2,-8.402915875492987
237-134500-0014_4077-13754-0006_8455-210777-0034,s3,coarse_to_fine,3,-9.882495753054343
6930-75918-0005_908-31957-0024_7127-75946-0029,s1,no_recursion,1,37.77526578028369
6930-75918-0005_908-31957-0024_7127-75946-0029,s1,no_recursion,2,8.82155655820892
6930-75918-0005_908-31957-0024_7127-75946-0029,s1,no_recursion,3,1.4606531296032867
6930-75918-0005_908-31957-0024_7127-75946-0029,s2,no_recursion,1,inf
6930-75918-0005_908-31957-0024_7127-75946-0029,s2,no_recursion,2,nan
6930-75918-0005_908-31957-0024_7127-75946-0029,s2,no_recursion,3,1.8217767092227968
6930-75918-0005_908-31957-0024_7127-75946-0029,s3,no_recursion,1,23.09463138622009
6930-75918-0005_908-31957-0024_7127-75946-0029,s3,no_recursion,2,2.02157645640448
6930-75918-0005_908-31957-0024_7127-75946-0029,s3,no_recursion,3,-6.72613656243792
6930-75918-0005_908-31957-0024_7127-75946-0029,s1,ungated_deflation,1,38.55151939212307
6930-75918-0005_908-31957-0024_7127-75946-0029,s1,ungated_deflation,2,3.167916194579444
6930-75918-0005_908-31957-0024_7127-75946-0029,s1,ungated_deflation,3,-7.31125564716049
6930-75918-0005_908-31957-0024_7127-75946-0029,s2,ungated_deflation,1,inf
6930-75918-0005_908-31957-0024_7127-75946-0029,s2,ungated_deflation,2,nan
6930-75918-0005_908-31957-0024_7127-75946-0029,s2,ungated_deflation,3,1.8217767092227968
6930-75918-0005_908-31957-0024_7127-75946-0029,s3,ungated_deflation,1,16.76020015075881
6930-75918-0005_908-31957-0024_7127-75946-0029,s3,ungated_deflation,2,-1.2661404207630618
6930-75918-0005_908-31957-0024_7127-75946-0029,s3,ungated_deflation,3,-5.360140236078922
6930-75918-0005_908-31957-0024_7127-75946-0029,s1,gated_deflation,1,38.54554588566966
6930-75918-0005_908-31957-0024_7127-75946-0029,s1,gated_deflation,2,4.667955086184645
6930-75918-0005_908-31957-0024_7127-75946-0029,s1,gated_deflation,3,-0.622779573972913
6930-75918-0005_908-31957-0024_7127-75946-0029,s2,gated_deflation,1,inf
6930-75918-0005_908-31957-0024_7127-75946-0029,s2,gated_deflation,2,nan
6930-75918-0005_908-31957-0024_7127-75946-0029,s2,gated_deflation,3,1.8217767092227968
6930-75918-0005_908-31957-0024_7127-75946-0029,s3,gated_deflation,1,23.09463138622009
6930-75918-0005_908-31957-0024_7127-75946-0029,s3,gated_deflation,2,2.02157645640448
6930-75918-0005_908-31957-0024_7127-75946-0029,s3,gated_deflation,3,-6.72613656243792
6930-75918-0005_908-31957-0024_7127-75946-0029,s1,coarse_to_fine,1,37.48515009513461
6930-75918-0005_908-31957-0024_7127-75946-0029,s1,coarse_to_fine,2,6.4294956729877555
6930-75918-0005_908-31957-0024_7127-75946-0029,s1,coarse_to_fine,3,-0.38356838227765155
6930-75918-0005_908-31957-0024_7127-75946-0029,s2,coarse_to_fine,1,inf
6930-75918-0005_908-31957-0024_7127-75946-0029,s2,coarse_to_fine,2,nan
6930-75918-0005_908-31957-0024_7127-75946-0029,s2,coarse_to_fine,3,0.8111671955240819
6930-75918-0005_908-31957-0024_7127-75946-0029,s3,coarse_to_fine,1,23.87491926525985
6930-75918-0005_908-31957-0024_7127-75946-0029,s3,coarse_to_fine,2,1.5818518042547298
6930-75918-0005_908-31957-0024_7127-75946-0029,s3,coarse_to_fine,3,-6.607148269392119
2961-961-0006_260-123286-0031_4077-13754-0013,s1,no_recursion,1,inf
2961-961-0006_260-123286-0031_4077-13754-0013,s1,no_recursion,2,nan
2961-961-0006_260-123286-0031_4077-13754-0013,s1,no_recursion,3,-2.566922034247197
2961-961-0006_260-123286-0031_4077-13754-0013,s2,no_recursion,1,inf
2961-961-0006_260-123286-0031_4077-13754-0013,s2,no_recursion,2,6.479683129924681
2961-961-0006_260-123286-0031_4077-13754-0013,s2,no_recursion,3,6.576429663690233
2961-961-0006_260-123286-0031_4077-13754-0013,s3,no_recursion,1,47.6314791845908
2961-961-0006_260-123286-0031_4077-13754-0013,s3,no_recursion,2,0.8051303677903967
2961-961-0006_260-123286-0031_4077-13754-0013,s3,no_recursion,3,-2.4224720348565545
2961-961-0006_260-123286-0031_4077-13754-0013,s1,ungated_deflation,1,inf
2961-961-0006_260-123286-0031_4077-13754-0013,s1,ungated_deflation,2,nan
2961-961-0006_260-123286-0031_4077-13754-0013,s1,ungated_deflation,3,-2.566922034247197
2961-961-0006_260-123286-0031_4077-13754-0013,s2,ungated_deflation,1,inf
2961-961-0006_260-123286-0031_4077-13754-0013,s2,ungated_deflation,2,7.826932372147586
2961-961-0006_260-123286-0031_4077-13754-0013,s2,ungated_deflation,3,-2.4647440950068495
2961-961-0006_260-123286-0031_4077-13754-0013,s3,ungated_deflation,1,37.55121899354742
2961-961-0006_260-123286-0031_4077-13754-0013,s3,ungated_deflation,2,-3.681195198397505
2961-961-0006_260-123286-0031_4077-13754-0013,s3,ungated_deflation,3,-4.6618067683077395
2961-961-0006_260-123286-0031_4077-13754-0013,s1,gated_deflation,1,inf
2961-961-0006_260-123286-0031_4077-13754-0013,s1,gated_deflation,2,nan
2961-961-0006_260-123286-0031_4077-13754-0013,s1,gated_deflation,3,-2.566922034247197
2961-961-0006_260-123286-0031_4077-13754-0013,s2,gated_deflation,1,inf
2961-961-0006_260-123286-0031_4077-13754-0013,s2,gated_deflation,2,6.479683129924681
2961-961-0006_260-123286-0031_4077-13754-0013,s2,gated_deflation,3,6.576429663690233
2961-961-0006_260-123286-0031_4077-13754-0013,s3,gated_deflation,1,47.6314791845908
2961-961-0006_260-123286-0031_4077-13754-0013,s3,gated_deflation,2,0.8051303677903967
2961-961-0006_260-123286-0031_4077-13754-0013,s3,gated_deflation,3,-2.4224720348565545
2961-961-0006_260-123286-0031_4077-13754-0013,s1,coarse_to_fine,1,inf
2961-961-0006_260-123286-0031_4077-13754-0013,s1,coarse_to_fine,2,nan
2961-961-0006_260-123286-0031_4077-13754-0013,s1,coarse_to_fine,3,-3.855652183088388
2961-961-0006_260-123286-0031_4077-13754-0013,s2,coarse_to_fine,1,inf
2961-961-0006_260-123286-0031_4077-13754-0013,s2,coarse_to_fine,2,5.595340182220859
2961-961-0006_260-123286-0031_4077-13754-0013,s2,coarse_to_fine,3,5.650169660943951
2961-961-0006_260-123286-0031_4077-13754-0013,s3,coarse_to_fine,1,47.49787832057821
2961-961-0006_260-123286-0031_4077-13754-0013,s3,coarse_to_fine,2,-0.03794986375700948
2961-961-0006_260-123286-0031_4077-13754-0013,s3,coarse_to_fine,3,-3.3980648413629675
5683-32866-0017_4992-23283-0011_6829-68771-0013,s1,no_recursion,1,inf
5683-32866-0017_4992-23283-0011_6829-68771-0013,s1,no_recursion,2,-19.97198432837722
5683-32866-0017_4992-23283-0011_6829-68771-0013,s1,no_recursion,3,-4.147680384675396
5683-32866-0017_4992-23283-0011_6829-68771-0013,s2,no_recursion,1,inf
5683-32866-0017_4992-23283-0011_6829-68771-0013,s2,no_recursion,2,nan
5683-32866-0017_4992-23283-0011_6829-68771-0013,s2,no_recursion,3,-8.576389553695172
5683-32866-0017_4992-23283-0011_6829-68771-0013,s3,no_recursion,1,45.036037895494786
5683-32866-0017_4992-23283-0011_6829-68771-0013,s3,no_recursion,2,15.08787906407054
5683-32866-0017_4992-23283-0011_6829-68771-0013,s3,no_recursion,3,2.4781916641160997
5683-32866-0017_4992-23283-0011_6829-68771-0013,s1,ungated_deflation,1,inf
5683-32866-0017_4992-23283-0011_6829-68771-0013,s1,ungated_deflation,2,-19.97198432837722
5683-32866-0017_4992-23283-0011_6829-68771-0013,s1,ungated_deflation,3,-4.147680384675396
5683-32866-0017_4992-23283-0011_6829-68771-0013,s2,ungated_deflation,1,inf
5683-32866-0017_4992-23283-0011_6829-68771-0013,s2,ungated_deflation,2,nan
5683-32866-0017_4992-23283-0011_6829-68771-0013,s2,ungated_deflation,3,-7.338834227340689
5683-32866-0017_4992-23283-0011_6829-68771-0013,s3,ungated_deflation,1,20.96131254597125
5683-32866-0017_4992-23283-0011_6829-68771-0013,s3,ungated_deflation,2,4.225380013979762
5683-32866-0017_4992-23283-0011_6829-68771-0013,s3,ungated_deflation,3,-24.357169708206868
5683-32866-0017_4992-23283-0011_6829-68771-0013,s1,gated_deflation,1,inf
5683-32866-0017_4992-23283-0011_6829-68771-0013,s1,gated_deflation,2,-19.97198432837722
5683-32866-0017_4992-23283-0011_6829-68771-0013,s1,gated_deflation,3,-4.147680384675396
5683-32866-0017_4992-23283-0011_6829-68771-0013,s2,gated_deflation,1,inf
5683-32866-0017_4992-23283-0011_6829-68771-0013,s2,gated_deflation,2,nan
5683-32866-0017_4992-23283-0011_6829-68771-0013,s2,gated_deflation,3,-7.338834227340689
5683-32866-0017_4992-23283-0011_6829-68771-0013,s3,gated_deflation,1,20.96131254597125
5683-32866-0017_4992-23283-0011_6829-68771-0013,s3,gated_deflation,2,4.225380013979762
5683-32866-0017_4992-23283-0011_6829-68771-0013,s3,gated_deflation,3,-24.357169708206868
5683-32866-0017_4992-23283-0011_6829-68771-0013,s1,coarse_to_fine,1,inf
5683-32866-0017_4992-23283-0011_6829-68771-0013,s1,coarse_to_fine,2,-19.97198432837722
5683-32866-0017_4992-23283-0011_6829-68771-0013,s1,coarse_to_fine,3,-4.147680384675396
5683-32866-0017_4992-23283-0011_6829-68771-0013,s2,coarse_to_fine,1,inf
5683-32866-0017_4992-23283-0011_6829-68771-0013,s2,coarse_to_fine,2,nan
5683-32866-0017_4992-23283-0011_6829-68771-0013,s2,coarse_to_fine,3,-8.576389553695172
5683-32866-0017_4992-23283-0011_6829-68771-0013,s3,coarse_to_fine,1,45.53507752134317
5683-32866-0017_4992-23283-0011_6829-68771-0013,s3,coarse_to_fine,2,17.73000225457307
5683-32866-0017_4992-23283-0011_6829-68771-0013,s3,coarse_to_fine,3,2.380908636398937
1188-133604-0034_2830-3980-0019_260-123286-0013,s1,no_recursion,1,73.92746278702751
1188-133604-0034_2830-3980-0019_260-123286-0013,s1,no_recursion,2,7.814507351929766
1188-133604-0034_2830-3980-0019_260-123286-0013,s1,no_recursion,3,7.548236062588241
1188-133604-0034_2830-3980-0019_260-123286-0013,s2,no_recursion,1,inf
1188-133604-0034_2830-3980-0019_260-123286-0013,s2,no_recursion,2,3.5661544879658615
1188-133604-0034_2830-3980-0019_260-123286-0013,s2,no_recursion,3,-4.806697347272245
1188-133604-0034_2830-3980-0019_260-123286-0013,s3,no_recursion,1,36.23551809304121
1188-133604-0034_2830-3980-0019_260-123286-0013,s3,no_recursion,2,nan
1188-133604-0034_2830-3980-0019_260-123286-0013,s3,no_recursion,3,-10.460492905916968
1188-133604-0034_2830-3980-0019_260-123286-0013,s1,ungated_deflation,1,47.11582927926167
1188-133604-0034_2830-3980-0019_260-123286-0013,s1,ungated_deflation,2,-4.422590884194774
1188-133604-0034_2830-3980-0019_260-123286-0013,s1,ungated_deflation,3,-12.434700178823775
1188-133604-0034_2830-3980-0019_260-123286-0013,s2,ungated_deflation,1,inf
1188-133604-0034_2830-3980-0019_260-123286-0013,s2,ungated_deflation,2,3.5661544879658615
1188-133604-0034_2830-3980-0019_260-123286-0013,s2,ungated_deflation,3,-4.806697347272245
1188-133604-0034_2830-3980-0019_260-123286-0013,s3,ungated_deflation,1,24.877279638642406
1188-133604-0034_2830-3980-0019_260-123286-0013,s3,ungated_deflation,2,nan
1188-133604-0034_2830-3980-0019_260-123286-0013,s3,ungated_deflation,3,-3.433656729383248
1188-133604-0034_2830-3980-0019_260-123286-0013,s1,gated_deflation,1,73.92746278702751
1188-133604-0034_2830-3980-0019_260-123286-0013,s1,gated_deflation,2,7.814507351929766
1188-133604-0034_2830-3980-0019_260-123286-0013,s1,gated_deflation,3,7.548236062588241
1188-133604-0034_2830-3980-0019_260-123286-0013,s2,gated_deflation,1,inf
1188-133604-0034_2830-3980-0019_260-123286-0013,s2,gated_deflation,2,3.5661544879658615
1188-133604-0034_2830-3980-0019_260-123286-0013,s2,gated_deflation,3,-4.806697347272245
1188-133604-0034_2830-3980-0019_260-123286-0013,s3,gated_deflation,1,36.23551809304121
1188-133604-0034_2830-3980-0019_260-123286-0013,s3,gated_deflation,2,nan
1188-133604-0034_2830-3980-0019_260-123286-0013,s3,gated_deflation,3,-10.460492905916968
1188-133604-0034_2830-3980-0019_260-123286-0013,s1,coarse_to_fine,1,71.57956066573337
1188-133604-0034_2830-3980-0019_260-123286-0013,s1,coarse_to_fine,2,7.968229697811328
1188-133604-0034_2830-3980-0019_260-123286-0013,s1,coarse_to_fine,3,7.587848243342412
1188-133604-0034_2830-3980-0019_260-123286-0013,s2,coarse_to_fine,1,inf
1188-133604-0034_2830-3980-0019_260-123286-0013,s2,coarse_to_fine,2,2.4710473023768387
1188-133604-0034_2830-3980-0019_260-123286-0013,s2,coarse_to_fine,3,-5.630489157390195
1188-133604-0034_2830-3980-0019_260-123286-0013,s3,coarse_to_fine,1,36.23551809304121
1188-133604-0034_2830-3980-0019_260-123286-0013,s3,coarse_to_fine,2,nan
1188-133604-0034_2830-3980-0019_260-123286-0013,s3,coarse_to_fine,3,-10.460492905916968
1284-1181-0014_7729-102255-0011_908-31957-0003,s1,no_recursion,1,inf
1284-1181-0014_7729-102255-0011_908-31957-0003,s1,no_recursion,2,3.926299839622337
1284-1181-0014_7729-102255-0011_908-31957-0003,s1,no_recursion,3,1.9034965139541669
1284-1181-0014_7729-102255-0011_908-31957-0003,s2,no_recursion,1,35.841306370714285
1284-1181-0014_7729-102255-0011_908-31957-0003,s2,no_recursion,2,5.729278285364212
1284-1181-0014_7729-102255-0011_908-31957-0003,s2,no_recursion,3,-6.29324560714394
1284-1181-0014_7729-102255-0011_908-31957-0003,s3,no_recursion,1,47.09689795206833
1284-1181-0014_7729-102255-0011_908-31957-0003,s3,no_recursion,2,nan
1284-1181-0014_7729-102255-0011_908-31957-0003,s3,no_recursion,3,-6.941453347428993
1284-1181-0014_7729-102255-0011_908-31957-0003,s1,ungated_deflation,1,inf
1284-1181-0014_7729-102255-0011_908-31957-0003,s1,ungated_deflation,2,3.926299839622337
1284-1181-0014_7729-102255-0011_908-31957-0003,s1,ungated_deflation,3,1.9034965139541669
1284-1181-0014_7729-102255-0011_908-31957-0003,s2,ungated_deflation,1,38.64664067242236
1284-1181-0014_7729-102255-0011_908-31957-0003,s2,ungated_deflation,2,-4.768667102370679
1284-1181-0014_7729-102255-0011_908-31957-0003,s2,ungated_deflation,3,-8.828747736141944
1284-1181-0014_7729-102255-0011_908-31957-0003,s3,ungated_deflation,1,38.314803568798794
1284-1181-0014_7729-102255-0011_908-31957-0003,s3,ungated_deflation,2,nan
1284-1181-0014_7729-102255-0011_908-31957-0003,s3,ungated_deflation,3,-9.541752478577962
1284-1181-0014_7729-102255-0011_908-31957-0003,s1,gated_deflation,1,inf
1284-1181-0014_7729-102255-0011_908-31957-0003,s1,gated_deflation,2,3.926299839622337
1284-1181-0014_7729-102255-0011_908-31957-0003,s1,gated_deflation,3,1.9034965139541669
1284-1181-0014_7729-102255-0011_908-31957-0003,s2,gated_deflation,1,35.841306370714285
1284-1181-0014_7729-102255-0011_908-31957-0003,s2,gated_deflation,2,5.729278285364212
1284-1181-0014_7729-102255-0011_908-31957-0003,s2,gated_deflation,3,-6.29324560714394
1284-1181-0014_7729-102255-0011_908-31957-0003,s3,gated_deflation,1,47.09689795206833
1284-1181-0014_7729-102255-0011_908-31957-0003,s3,gated_deflation,2,nan
1284-1181-0014_7729-102255-0011_908-31957-0003,s3,gated_deflation,3,-6.941453347428993
1284-1181-0014_7729-102255-0011_908-31957-0003,s1,coarse_to_fine,1,inf
1284-1181-0014_7729-102255-0011_908-31957-0003,s1,coarse_to_fine,2,3.3899621590163838
1284-1181-0014_7729-102255-0011_908-31957-0003,s1,coarse_to_fine,3,-1.9576916554009705
1284-1181-0014_7729-102255-0011_908-31957-0003,s2,coarse_to_fine,1,37.59659988516382
1284-1181-0014_7729-102255-0011_908-31957-0003,s2,coarse_to_fine,2,5.447920672145622
1284-1181-0014_7729-102255-0011_908-31957-0003,s2,coarse_to_fine,3,-6.107460466926477
1284-1181-0014_7729-102255-0011_908-31957-0003,s3,coarse_to_fine,1,42.81878794263606
1284-1181-0014_7729-102255-0011_908-31957-0003,s3,coarse_to_fine,2,nan
1284-1181-0014_7729-102255-0011_908-31957-0003,s3,coarse_to_fine,3,-8.05721167871418
1188-133604-0013_1320-122612-0009_3570-5695-0000,s1,no_recursion,1,inf
1188-133604-0013_1320-122612-0009_3570-5695-0000,s1,no_recursion,2,nan
1188-133604-0013_1320-122612-0009_3570-5695-0000,s1,no_recursion,3,-5.8566801418071
1188-133604-0013_1320-122612-0009_3570-5695-0000,s2,no_recursion,1,inf
1188-133604-0013_1320-122612-0009_3570-5695-0000,s2,no_recursion,2,6.3216693791517855
1188-133604-0013_1320-122612-0009_3570-5695-0000,s2,no_recursion,3,1.387097622794366
1188-133604-0013_1320-122612-0009_3570-5695-0000,s3,no_recursion,1,28.53986675206984
1188-133604-0013_1320-122612-0009_3570-5695-0000,s3,no_recursion,2,5.005249154314301
1188-133604-0013_1320-122612-0009_3570-5695-0000,s3,no_recursion,3,4.326749415681542
1188-133604-0013_1320-122612-0009_3570-5695-0000,s1,ungated_deflation,1,inf
1188-133604-0013_1320-122612-0009_3570-5695-0000,s1,ungated_deflation,2,nan
1188-133604-0013_1320-122612-0009_3570-5695-0000,s1,ungated_deflation,3,-5.8566801418071
1188-133604-0013_1320-122612-0009_3570-5695-0000,s2,ungated_deflation,1,inf
1188-133604-0013_1320-122612-0009_3570-5695-0000,s2,ungated_deflation,2,2.6020816226516583
1188-133604-0013_1320-122612-0009_3570-5695-0000,s2,ungated_deflation,3,-10.64700333328214
1188-133604-0013_1320-122612-0009_3570-5695-0000,s3,ungated_deflation,1,31.436165131121605
1188-133604-0013_1320-122612-0009_3570-5695-0000,s3,ungated_deflation,2,-5.8038365597781265
1188-133604-0013_1320-122612-0009_3570-5695-0000,s3,ungated_deflation,3,-10.137153425874963
1188-133604-0013_1320-122612-0009_3570-5695-0000,s1,gated_deflation,1,inf
1188-133604-0013_1320-122612-0009_3570-5695-0000,s1,gated_deflation,2,nan
1188-133604-0013_1320-122612-0009_3570-5695-0000,s1,gated_deflation,3,-5.8566801418071
1188-133604-0013_1320-122612-0009_3570-5695-0000,s2,gated_deflation,1,inf
1188-133604-0013_1320-122612-0009_3570-5695-0000,s2,gated_deflation,2,2.6020816226516583
1188-133604-0013_1320-122612-0009_3570-5695-0000,s2,gated_deflation,3,-10.64700333328214
1188-133604-0013_1320-122612-0009_3570-5695-0000,s3,gated_deflation,1,31.436165131121605
1188-133604-0013_1320-122612-0009_3570-5695-0000,s3,gated_deflation,2,-5.8038365597781265
1188-133604-0013_1320-122612-0009_3570-5695-0000,s3,gated_deflation,3,-10.137153425874963
1188-133604-0013_1320-122612-0009_3570-5695-0000,s1,coarse_to_fine,1,inf
1188-133604-0013_1320-122612-0009_3570-5695-0000,s1,coarse_to_fine,2,nan
1188-133604-0013_1320-122612-0009_3570-5695-0000,s1,coarse_to_fine,3,-5.781420992241823
1188-133604-0013_1320-122612-0009_3570-5695-0000,s2,coarse_to_fine,1,inf
1188-133604-0013_1320-122612-0009_3570-5695-0000,s2,coarse_to_fine,2,5.83106945308783
1188-133604-0013_1320-122612-0009_3570-5695-0000,s2,coarse_to_fine,3,0.9115618253348411
1188-133604-0013_1320-122612-0009_3570-5695-0000,s3,coarse_to_fine,1,27.893601291996625
1188-133604-0013_1320-122612-0009_3570-5695-0000,s3,coarse_to_fine,2,5.500477843113566
1188-133604-0013_1320-122612-0009_3570-5695-0000,s3,coarse_to_fine,3,4.11526795600507
4077-13754-0011_5639-40744-0015_3575-170457-0033,s1,no_recursion,1,44.91468578929986
4077-13754-0011_5639-40744-0015_3575-170457-0033,s1,no_recursion,2,-4.806928910121215
4077-13754-0011_5639-40744-0015_3575-170457-0033,s1,no_recursion,3,-7.677215337180655
4077-13754-0011_5639-40744-0015_3575-170457-0033,s2,no_recursion,1,inf
4077-13754-0011_5639-40744-0015_3575-170457-0033,s2,no_recursion,2,4.018007347209037
4077-13754-0011_5639-40744-0015_3575-170457-0033,s2,no_recursion,3,5.383037017684844
4077-13754-0011_5639-40744-0015_3575-170457-0033,s3,no_recursion,1,21.43450586557377
4077-13754-0011_5639-40744-0015_3575-170457-0033,s3,no_recursion,2,nan
4077-13754-0011_5639-40744-0015_3575-170457-0033,s3,no_recursion,3,4.340356187335353
4077-13754-0011_5639-40744-0015_3575-170457-0033,s1,ungated_deflation,1,29.845715122579506
4077-13754-0011_5639-40744-0015_3575-170457-0033,s1,ungated_deflation,2,-4.721968112159701
4077-13754-0011_5639-40744-0015_3575-170457-0033,s1,ungated_deflation,3,-5.537189163397052
4077-13754-0011_5639-40744-0015_3575-170457-0033,s2,ungated_deflation,1,inf
4077-13754-0011_5639-40744-0015_3575-170457-0033,s2,ungated_deflation,2,4.018007347209037
4077-13754-0011_5639-40744-0015_3575-170457-0033,s2,ungated_deflation,3,5.383037017684844
4077-13754-0011_5639-40744-0015_3575-170457-0033,s3,ungated_deflation,1,24.83814698565267
4077-13754-0011_5639-40744-0015_3575-170457-0033,s3,ungated_deflation,2,nan
4077-13754-0011_5639-40744-0015_3575-170457-0033,s3,ungated_deflation,3,-4.058584818751818
4077-13754-0011_5639-40744-0015_3575-170457-0033,s1,gated_deflation,1,29.65738679290586
4077-13754-0011_5639-40744-0015_3575-170457-0033,s1,gated_deflation,2,-5.060659581491658
4077-13754-0011_5639-40744-0015_3575-170457-0033,s1,gated_deflation,3,-4.8779698374623415
4077-13754-0011_5639-40744-0015_3575-170457-0033,s2,gated_deflation,1,inf
4077-13754-0011_5639-40744-0015_3575-170457-0033,s2,gated_deflation,2,4.018007347209037
4077-13754-0011_5639-40744-0015_3575-170457-0033,s2,gated_deflation,3,5.383037017684844
4077-13754-0011_5639-40744-0015_3575-170457-0033,s3,gated_deflation,1,24.83814698565267
4077-13754-0011_5639-40744-0015_3575-170457-0033,s3,gated_deflation,2,nan
4077-13754-0011_5639-40744-0015_3575-170457-0033,s3,gated_deflation,3,-4.058584818751818
4077-13754-0011_5639-40744-0015_3575-170457-0033,s1,coarse_to_fine,1,46.85381221147971
4077-13754-0011_5639-40744-0015_3575-170457-0033,s1,coarse_to_fine,2,-5.078020218224739
4077-13754-0011_5639-40744-0015_3575-170457-0033,s1,coarse_to_fine,3,-8.273109055029364
4077-13754-0011_5639-40744-0015_3575-170457-0033,s2,coarse_to_fine,1,inf
4077-13754-0011_5639-40744-0015_3575-170457-0033,s2,coarse_to_fine,2,4.334403048590401
4077-13754-0011_5639-40744-0015_3575-170457-0033,s2,coarse_to_fine,3,5.368236756702337
4077-13754-0011_5639-40744-0015_3575-170457-0033,s3,coarse_to_fine,1,22.09032277525706
4077-13754-0011_5639-40744-0015_3575-170457-0033,s3,coarse_to_fine,2,nan
4077-13754-0011_5639-40744-0015_3575-170457-0033,s3,coarse_to_fine,3,3.4364526527410595
7176-88083-0024_6930-76324-0003_2300-131720-0022,s1,no_recursion,1,inf
7176-88083-0024_6930-76324-0003_2300-131720-0022,s1,no_recursion,2,7.6305976896750725
7176-88083-0024_6930-76324-0003_2300-131720-0022,s1,no_recursion,3,8.779795613499225
7176-88083-0024_6930-76324-0003_2300-131720-0022,s2,no_recursion,1,inf
7176-88083-0024_6930-76324-0003_2300-131720-0022,s2,no_recursion,2,nan
7176-88083-0024_6930-76324-0003_2300-131720-0022,s2,no_recursion,3,-0.8342406715865045
7176-88083-0024_6930-76324-0003_2300-131720-0022,s3,no_recursion,1,36.50770222057349
7176-88083-0024_6930-76324-0003_2300-131720-0022,s3,no_recursion,2,-6.319926295630406
7176-88083-0024_6930-76324-0003_2300-131720-0022,s3,no_recursion,3,-6.119056019782709
7176-88083-0024_6930-76324-0003_2300-131720-0022,s1,ungated_deflation,1,inf
7176-88083-0024_6930-76324-0003_2300-131720-0022,s1,ungated_deflation,2,7.6305976896750725
7176-88083-0024_6930-76324-0003_2300-131720-0022,s1,ungated_deflation,3,8.779795613499225
7176-88083-0024_6930-76324-0003_2300-131720-0022,s2,ungated_deflation,1,inf
7176-88083-0024_6930-76324-0003_2300-131720-0022,s2,ungated_deflation,2,nan
7176-88083-0024_6930-76324-0003_2300-131720-0022,s2,ungated_deflation,3,-0.8960040707089796
7176-88083-0024_6930-76324-0003_2300-131720-0022,s3,ungated_deflation,1,28.980282751806726
7176-88083-0024_6930-76324-0003_2300-131720-0022,s3,ungated_deflation,2,-5.934481593736543
7176-88083-0024_6930-76324-0003_2300-131720-0022,s3,ungated_deflation,3,-8.510835104271639
7176-88083-0024_6930-76324-0003_2300-131720-0022,s1,gated_deflation,1,inf
7176-88083-0024_6930-76324-0003_2300-131720-0022,s1,gated_deflation,2,7.6305976896750725
7176-88083-0024_6930-76324-0003_2300-131720-0022,s1,gated_deflation,3,8.779795613499225
7176-88083-0024_6930-76324-0003_2300-131720-0022,s2,gated_deflation,1,inf
7176-88083-0024_6930-76324-0003_2300-131720-0022,s2,gated_deflation,2,nan
7176-88083-0024_6930-76324-0003_2300-131720-0022,s2,gated_deflation,3,-0.8960040707089796
7176-88083-0024_6930-76324-0003_2300-131720-0022,s3,gated_deflation,1,29.44881186037234
7176-88083-0024_6930-76324-0003_2300-131720-0022,s3,gated_deflation,2,-6.146011900170639
7176-88083-0024_6930-76324-0003_2300-131720-0022,s3,gated_deflation,3,-11.659591572052086
7176-88083-0024_6930-76324-0003_2300-131720-0022,s1,coarse_to_fine,1,inf
7176-88083-0024_6930-76324-0003_2300-131720-0022,s1,coarse_to_fine,2,7.840575078184928
7176-88083-0024_6930-76324-0003_2300-131720-0022,s1,coarse_to_fine,3,8.213426666631792
7176-88083-0024_6930-76324-0003_2300-131720-0022,s2,coarse_to_fine,1,inf
7176-88083-0024_6930-76324-0003_2300-131720-0022,s2,coarse_to_fine,2,nan
7176-88083-0024_6930-76324-0003_2300-131720-0022,s2,coarse_to_fine,3,-2.9139777632235884
7176-88083-0024_6930-76324-0003_2300-131720-0022,s3,coarse_to_fine,1,37.28873844526998
7176-88083-0024_6930-76324-0003_2300-131720-0022,s3,coarse_to_fine,2,-7.929564578386668
7176-88083-0024_6930-76324-0003_2300-131720-0022,s3,coarse_to_fine,3,-11.57908071250386
8463-294825-0013_1284-1180-0020_672-122797-0000,s1,no_recursion,1,37.952291207221855
8463-294825-0013_1284-1180-0020_672-122797-0000,s1,no_recursion,2,2.612535348031186
8463-294825-0013_1284-1180-0020_672-122797-0000,s1,no_recursion,3,-2.621364608417198
8463-294825-0013_1284-1180-0020_672-122797-0000,s2,no_recursion,1,inf
8463-294825-0013_1284-1180-0020_672-122797-0000,s2,no_recursion,2,1.7349443920407697
8463-294825-0013_1284-1180-0020_672-122797-0000,s2,no_recursion,3,8.148354127364328
8463-294825-0013_1284-1180-0020_672-122797-0000,s3,no_recursion,1,28.33140512579874
8463-294825-0013_1284-1180-0020_672-122797-0000,s3,no_recursion,2,nan
8463-294825-0013_1284-1180-0020_672-122797-0000,s3,no_recursion,3,-8.842060039266872
8463-294825-0013_1284-1180-0020_672-122797-0000,s1,ungated_deflation,1,34.873378479741824
8463-294825-0013_1284-1180-0020_672-122797-0000,s1,ungated_deflation,2,-3.4938057468118466
8463-294825-0013_1284-1180-0020_672-122797-0000,s1,ungated_deflation,3,-17.32231768477339
8463-294825-0013_1284-1180-0020_672-122797-0000,s2,ungated_deflation,1,inf
8463-294825-0013_1284-1180-0020_672-122797-0000,s2,ungated_deflation,2,1.7349443920407697
8463-294825-0013_1284-1180-0020_672-122797-0000,s2,ungated_deflation,3,8.148354127364328
8463-294825-0013_1284-1180-0020_672-122797-0000,s3,ungated_deflation,1,12.425498155243446
8463-294825-0013_1284-1180-0020_672-122797-0000,s3,ungated_deflation,2,nan
8463-294825-0013_1284-1180-0020_672-122797-0000,s3,ungated_deflation,3,-5.757589759643044
8463-294825-0013_1284-1180-0020_672-122797-0000,s1,gated_deflation,1,34.31985281839995
8463-294825-0013_1284-1180-0020_672-122797-0000,s1,gated_deflation,2,-3.792252515185937
8463-294825-0013_1284-1180-0020_672-122797-0000,s1,gated_deflation,3,-9.844317445461183
8463-294825-0013_1284-1180-0020_672-122797-0000,s2,gated_deflation,1,inf
8463-294825-0013_1284-1180-0020_672-122797-0000,s2,gated_deflation,2,1.7349443920407697
8463-294825-0013_1284-1180-0020_672-122797-0000,s2,gated_deflation,3,8.148354127364328
8463-294825-0013_1284-1180-0020_672-122797-0000,s3,gated_deflation,1,12.425498155243446
8463-294825-0013_1284-1180-0020_672-122797-0000,s3,gated_deflation,2,nan
8463-294825-0013_1284-1180-0020_672-122797-0000,s3,gated_deflation,3,-5.757589759643044
8463-294825-0013_1284-1180-0020_672-122797-0000,s1,coarse_to_fine,1,38.0588924468769
8463-294825-0013_1284-1180-0020_672-122797-0000,s1,coarse_to_fine,2,1.0445624433179241
8463-294825-0013_1284-1180-0020_672-122797-0000,s1,coarse_to_fine,3,-4.437105148668245
8463-294825-0013_1284-1180-0020_672-122797-0000,s2,coarse_to_fine,1,inf
8463-294825-0013_1284-1180-0020_672-122797-0000,s2,coarse_to_fine,2,2.245110106560147
8463-294825-0013_1284-1180-0020_672-122797-0000,s2,coarse_to_fine,3,8.268454798244456
8463-294825-0013_1284-1180-0020_672-122797-0000,s3,coarse_to_fine,1,28.33140512579874
8463-294825-0013_1284-1180-0020_672-122797-0000,s3,coarse_to_fine,2,nan
8463-294825-0013_1284-1180-0020_672-122797-0000,s3,coarse_to_fine,3,-8.842060039266872
1320-122617-0000_237-134500-0026_1580-141084-0026,s1,no_recursion,1,34.39221157355722
1320-122617-0000_237-134500-0026_1580-141084-0026,s1,no_recursion,2,9.548603055734096
1320-122617-0000_237-134500-0026_1580-141084-0026,s1,no_recursion,3,7.470510836558209
1320-122617-0000_237-134500-0026_1580-141084-0026,s2,no_recursion,1,inf
1320-122617-0000_237-134500-0026_1580-141084-0026,s2,no_recursion,2,nan
1320-122617-0000_237-134500-0026_1580-141084-0026,s2,no_recursion,3,-6.572919023222028
1320-122617-0000_237-134500-0026_1580-141084-0026,s3,no_recursion,1,52.34291100039644
1320-122617-0000_237-134500-0026_1580-141084-0026,s3,no_recursion,2,10.306241134906912
1320-122617-0000_237-134500-0026_1580-141084-0026,s3,no_recursion,3,3.704513277621348
1320-122617-0000_237-134500-0026_1580-141084-0026,s1,ungated_deflation,1,35.2646091886782
1320-122617-0000_237-134500-0026_1580-141084-0026,s1,ungated_deflation,2,-0.05803209725356181
1320-122617-0000_237-134500-0026_1580-141084-0026,s1,ungated_deflation,3,-9.521118494978838
1320-122617-0000_237-134500-0026_1580-141084-0026,s2,ungated_deflation,1,inf
1320-122617-0000_237-134500-0026_1580-141084-0026,s2,ungated_deflation,2,nan
1320-122617-0000_237-134500-0026_1580-141084-0026,s2,ungated_deflation,3,-6.572919023222028
1320-122617-0000_237-134500-0026_1580-141084-0026,s3,ungated_deflation,1,25.736088442646846
1320-122617-0000_237-134500-0026_1580-141084-0026,s3,ungated_deflation,2,9.247216963244213
1320-122617-0000_237-134500-0026_1580-141084-0026,s3,ungated_deflation,3,3.5236733132591707
1320-122617-0000_237-134500-0026_1580-141084-0026,s1,gated_deflation,1,35.2646091886782
1320-122617-0000_237-134500-0026_1580-141084-0026,s1,gated_deflation,2,-0.05803209725356181
1320-122617-0000_237-134500-0026_1580-141084-0026,s1,gated_deflation,3,-9.521118494978838
1320-122617-0000_237-134500-0026_1580-141084-0026,s2,gated_deflation,1,inf
1320-122617-0000_237-134500-0026_1580-141084-0026,s2,gated_deflation,2,nan
1320-122617-0000_237-134500-0026_1580-141084-0026,s2,gated_deflation,3,-6.572919023222028
1320-122617-0000_237-134500-0026_1580-141084-0026,s3,gated_deflation,1,25.736088442646846
1320-122617-0000_237-134500-0026_1580-141084-0026,s3,gated_deflation,2,9.247216963244213
1320-122617-0000_237-134500-0026_1580-141084-0026,s3,gated_deflation,3,3.5236733132591707
1320-122617-0000_237-134500-0026_1580-141084-0026,s1,coarse_to_fine,1,34.58902978997557
1320-122617-0000_237-134500-0026_1580-141084-0026,s1,coarse_to_fine,2,7.660403133823207
1320-122617-0000_237-134500-0026_1580-141084-0026,s1,coarse_to_fine,3,7.181011972271472
1320-122617-0000_237-134500-0026_1580-141084-0026,s2,coarse_to_fine,1,inf
1320-122617-0000_237-134500-0026_1580-141084-0026,s2,coarse_to_fine,2,nan
1320-122617-0000_237-134500-0026_1580-141084-0026,s2,coarse_to_fine,3,-5.989269324563287
1320-122617-0000_237-134500-0026_1580-141084-0026,s3,coarse_to_fine,1,54.4477075030078
1320-122617-0000_237-134500-0026_1580-141084-0026,s3,coarse_to_fine,2,10.087409448644404
1320-122617-0000_237-134500-0026_1580-141084-0026,s3,coarse_to_fine,3,3.5835122597828977
1580-141084-0031_1089-134691-0017_3575-170457-0017,s1,no_recursion,1,inf
1580-141084-0031_1089-134691-0017_3575-170457-0017,s1,no_recursion,2,nan
1580-141084-0031_1089-134691-0017_3575-170457-0017,s1,no_recursion,3,-3.6190812776915253
1580-141084-0031_1089-134691-0017_3575-170457-0017,s2,no_recursion,1,inf
1580-141084-0031_1089-134691-0017_3575-170457-0017,s2,no_recursion,2,3.773364272143799
1580-141084-0031_1089-134691-0017_3575-170457-0017,s2,no_recursion,3,3.1080062300909916
1580-141084-0031_1089-134691-0017_3575-170457-0017,s3,no_recursion,1,24.861724610689112
1580-141084-0031_1089-134691-0017_3575-170457-0017,s3,no_recursion,2,7.2250050636362175
1580-141084-0031_1089-134691-0017_3575-170457-0017,s3,no_recursion,3,0.5461633599399833
1580-141084-0031_1089-134691-0017_3575-170457-0017,s1,ungated_deflation,1,inf
1580-141084-0031_1089-134691-0017_3575-170457-0017,s1,ungated_deflation,2,nan
1580-141084-0031_1089-134691-0017_3575-170457-0017,s1,ungated_deflation,3,-3.6190812776915253
1580-141084-0031_1089-134691-0017_3575-170457-0017,s2,ungated_deflation,1,inf
1580-141084-0031_1089-134691-0017_3575-170457-0017,s2,ungated_deflation,2,3.065313419992207
1580-141084-0031_1089-134691-0017_3575-170457-0017,s2,ungated_deflation,3,-7.381474828325923
1580-141084-0031_1089-134691-0017_3575-170457-0017,s3,ungated_deflation,1,4.799114682910458
1580-141084-0031_1089-134691-0017_3575-170457-0017,s3,ungated_deflation,2,-3.0431289642538077
1580-141084-0031_1089-134691-0017_3575-170457-0017,s3,ungated_deflation,3,-32.46554673152681
1580-141084-0031_1089-134691-0017_3575-170457-0017,s1,gated_deflation,1,inf
1580-141084-0031_1089-134691-0017_3575-170457-0017,s1,gated_deflation,2,nan
1580-141084-0031_1089-134691-0017_3575-170457-0017,s1,gated_deflation,3,-3.6190812776915253
1580-141084-0031_1089-134691-0017_3575-170457-0017,s2,gated_deflation,1,inf
1580-141084-0031_1089-134691-0017_3575-170457-0017,s2,gated_deflation,2,3.773364272143799
1580-141084-0031_1089-134691-0017_3575-170457-0017,s2,gated_deflation,3,3.1080062300909916
1580-141084-0031_1089-134691-0017_3575-170457-0017,s3,gated_deflation,1,20.566522030732884
1580-141084-0031_1089-134691-0017_3575-170457-0017,s3,gated_deflation,2,-0.25508063228101985
1580-141084-0031_1089-134691-0017_3575-170457-0017,s3,gated_deflation,3,-6.574589930218396
1580-141084-0031_1089-134691-0017_3575-170457-0017,s1,coarse_to_fine,1,inf
1580-141084-0031_1089-134691-0017_3575-170457-0017,s1,coarse_to_fine,2,nan
1580-141084-0031_1089-134691-0017_3575-170457-0017,s1,coarse_to_fine,3,-6.766962801700066
1580-141084-0031_1089-134691-0017_3575-170457-0017,s2,coarse_to_fine,1,inf
1580-141084-0031_1089-134691-0017_3575-170457-0017,s2,coarse_to_fine,2,4.804280769237551
1580-141084-0031_1089-134691-0017_3575-170457-0017,s2,coarse_to_fine,3,2.658289225780746
1580-141084-0031_1089-134691-0017_3575-170457-0017,s3,coarse_to_fine,1,26.246422538071737
1580-141084-0031_1089-134691-0017_3575-170457-0017,s3,coarse_to_fine,2,9.260964352842283
1580-141084-0031_1089-134691-0017_3575-170457-0017,s3,coarse_to_fine,3,1.123657645143067
4992-41797-0010_2300-131720-0005_6829-68771-0014,s1,no_recursion,1,inf
4992-41797-0010_2300-131720-0005_6829-68771-0014,s1,no_recursion,2,7.114693054568249
4992-41797-0010_2300-131720-0005_6829-68771-0014,s1,no_recursion,3,0.8828262225277341
4992-41797-0010_2300-131720-0005_6829-68771-0014,s2,no_recursion,1,69.79014722007346
4992-41797-0010_2300-131720-0005_6829-68771-0014,s2,no_recursion,2,-0.30183530804028047
4992-41797-0010_2300-131720-0005_6829-68771-0014,s2,no_recursion,3,-3.467868194879426
4992-41797-0010_2300-131720-0005_6829-68771-0014,s3,no_recursion,1,31.176003048227166
4992-41797-0010_2300-131720-0005_6829-68771-0014,s3,no_recursion,2,nan
4992-41797-0010_2300-131720-0005_6829-68771-0014,s3,no_recursion,3,-3.1972167083153136
4992-41797-0010_2300-131720-0005_6829-68771-0014,s1,ungated_deflation,1,inf
4992-41797-0010_2300-131720-0005_6829-68771-0014,s1,ungated_deflation,2,7.114693054568249
4992-41797-0010_2300-131720-0005_6829-68771-0014,s1,ungated_deflation,3,0.8828262225277341
4992-41797-0010_2300-131720-0005_6829-68771-0014,s2,ungated_deflation,1,56.848239816034145
4992-41797-0010_2300-131720-0005_6829-68771-0014,s2,ungated_deflation,2,-5.394254914499529
4992-41797-0010_2300-131720-0005_6829-68771-0014,s2,ungated_deflation,3,-4.970791565938435
4992-41797-0010_2300-131720-0005_6829-68771-0014,s3,ungated_deflation,1,12.888192276944
4992-41797-0010_2300-131720-0005_6829-68771-0014,s3,ungated_deflation,2,nan
4992-41797-0010_2300-131720-0005_6829-68771-0014,s3,ungated_deflation,3,-7.9042756699753
4992-41797-0010_2300-131720-0005_6829-68771-0014,s1,gated_deflation,1,inf
4992-41797-0010_2300-131720-0005_6829-68771-0014,s1,gated_deflation,2,7.114693054568249
4992-41797-0010_2300-131720-0005_6829-68771-0014,s1,gated_deflation,3,0.8828262225277341
4992-41797-0010_2300-131720-0005_6829-68771-0014,s2,gated_deflation,1,56.848239816034145
4992-41797-0010_2300-131720-0005_6829-68771-0014,s2,gated_deflation,2,-5.394254914499529
4992-41797-0010_2300-131720-0005_6829-68771-0014,s2,gated_deflation,3,-4.970791565938435
4992-41797-0010_2300-131720-0005_6829-68771-0014,s3,gated_deflation,1,16.24674474006798
4992-41797-0010_2300-131720-0005_6829-68771-0014,s3,gated_deflation,2,nan
4992-41797-0010_2300-131720-0005_6829-68771-0014,s3,gated_deflation,3,-3.5507632476603774
4992-41797-0010_2300-131720-0005_6829-68771-0014,s1,coarse_to_fine,1,inf
4992-41797-0010_2300-131720-0005_6829-68771-0014,s1,coarse_to_fine,2,8.39666593160944
4992-41797-0010_2300-131720-0005_6829-68771-0014,s1,coarse_to_fine,3,0.84645456263751
4992-41797-0010_2300-131720-0005_6829-68771-0014,s2,coarse_to_fine,1,70.60845647006742
4992-41797-0010_2300-131720-0005_6829-68771-0014,s2,coarse_to_fine,2,0.11019254888946278
4992-41797-0010_2300-131720-0005_6829-68771-0014,s2,coarse_to_fine,3,-3.8310801779342945
4992-41797-0010_2300-131720-0005_6829-68771-0014,s3,coarse_to_fine,1,31.497811231472618
4992-41797-0010_2300-131720-0005_6829-68771-0014,s3,coarse_to_fine,2,nan
4992-41797-0010_2300-131720-0005_6829-68771-0014,s3,coarse_to_fine,3,-2.790259920614795
8455-210777-0035_7729-102255-0037_5142-33396-0036,s1,no_recursion,1,inf
8455-210777-0035_7729-102255-0037_5142-33396-0036,s1,no_recursion,2,-16.749064076910734
8455-210777-0035_7729-102255-0037_5142-33396-0036,s1,no_recursion,3,-3.063270301465606
8455-210777-0035_7729-102255-0037_5142-33396-0036,s2,no_recursion,1,38.98896046696962
8455-210777-0035_7729-102255-0037_5142-33396-0036,s2,no_recursion,2,17.240761640724735
8455-210777-0035_7729-102255-0037_5142-33396-0036,s2,no_recursion,3,1.133762626859379
8455-210777-0035_7729-102255-0037_5142-33396-0036,s3,no_recursion,1,26.96125359118543
8455-210777-0035_7729-102255-0037_5142-33396-0036,s3,no_recursion,2,nan
8455-210777-0035_7729-102255-0037_5142-33396-0036,s3,no_recursion,3,6.716307781980549
8455-210777-0035_7729-102255-0037_5142-33396-0036,s1,ungated_deflation,1,inf
8455-210777-0035_7729-102255-0037_5142-33396-0036,s1,ungated_deflation,2,-16.749064076910734
8455-210777-0035_7729-102255-0037_5142-33396-0036,s1,ungated_deflation,3,-3.063270301465606
8455-210777-0035_7729-102255-0037_5142-33396-0036,s2,ungated_deflation,1,29.926785547712875
8455-210777-0035_7729-102255-0037_5142-33396-0036,s2,ungated_deflation,2,14.041745761234361
8455-210777-0035_7729-102255-0037_5142-33396-0036,s2,ungated_deflation,3,-1.667316649671845
8455-210777-0035_7729-102255-0037_5142-33396-0036,s3,ungated_deflation,1,28.13678215254429
8455-210777-0035_7729-102255-0037_5142-33396-0036,s3,ungated_deflation,2,nan
8455-210777-0035_7729-102255-0037_5142-33396-0036,s3,ungated_deflation,3,-1.296069461704912
8455-210777-0035_7729-102255-0037_5142-33396-0036,s1,gated_deflation,1,inf
8455-210777-0035_7729-102255-0037_5142-33396-0036,s1,gated_deflation,2,-16.749064076910734
8455-210777-0035_7729-102255-0037_5142-33396-0036,s1,gated_deflation,3,-3.063270301465606
8455-210777-0035_7729-102255-0037_5142-33396-0036,s2,gated_deflation,1,38.5733647773932
8455-210777-0035_7729-102255-0037_5142-33396-0036,s2,gated_deflation,2,14.865368874837175
8455-210777-0035_7729-102255-0037_5142-33396-0036,s2,gated_deflation,3,-5.075644918251094
8455-210777-0035_7729-102255-0037_5142-33396-0036,s3,gated_deflation,1,26.96125359118543
8455-210777-0035_7729-102255-0037_5142-33396-0036,s3,gated_deflation,2,nan
8455-210777-0035_7729-102255-0037_5142-33396-0036,s3,gated_deflation,3,6.716307781980549
8455-210777-0035_7729-102255-0037_5142-33396-0036,s1,coarse_to_fine,1,inf
8455-210777-0035_7729-102255-0037_5142-33396-0036,s1,coarse_to_fine,2,-16.764873834595
8455-210777-0035_7729-102255-0037_5142-33396-0036,s1,coarse_to_fine,3,-3.417721116229995
8455-210777-0035_7729-102255-0037_5142-33396-0036,s2,coarse_to_fine,1,38.61091244927486
8455-210777-0035_7729-102255-0037_5142-33396-0036,s2,coarse_to_fine,2,16.91026235642308
8455-210777-0035_7729-102255-0037_5142-33396-0036,s2,coarse_to_fine,3,0.8744844999349457
8455-210777-0035_7729-102255-0037_5142-33396-0036,s3,coarse_to_fine,1,26.161686241996623
8455-210777-0035_7729-102255-0037_5142-33396-0036,s3,coarse_to_fine,2,nan
8455-210777-0035_7729-102255-0037_5142-33396-0036,s3,coarse_to_fine,3,6.237976660413377
237-126133-0005_2830-3980-0004_1089-134686-0000,s1,no_recursion,1,inf
237-126133-0005_2830-3980-0004_1089-134686-0000,s1,no_recursion,2,8.528684788847986
237-126133-0005_2830-3980-0004_1089-134686-0000,s1,no_recursion,3,5.393392278299842
237-126133-0005_2830-3980-0004_1089-134686-0000,s2,no_recursion,1,inf
237-126133-0005_2830-3980-0004_1089-134686-0000,s2,no_recursion,2,nan
237-126133-0005_2830-3980-0004_1089-134686-0000,s2,no_recursion,3,-4.761919174468591
237-126133-0005_2830-3980-0004_1089-134686-0000,s3,no_recursion,1,42.134520610016125
237-126133-0005_2830-3980-0004_1089-134686-0000,s3,no_recursion,2,10.507197871444022
237-126133-0005_2830-3980-0004_1089-134686-0000,s3,no_recursion,3,2.9153413096952296
237-126133-0005_2830-3980-0004_1089-134686-0000,s1,ungated_deflation,1,inf
237-126133-0005_2830-3980-0004_1089-134686-0000,s1,ungated_deflation,2,8.528684788847986
237-126133-0005_2830-3980-0004_1089-134686-0000,s1,ungated_deflation,3,5.393392278299842
237-126133-0005_2830-3980-0004_1089-134686-0000,s2,ungated_deflation,1,inf
237-126133-0005_2830-3980-0004_1089-134686-0000,s2,ungated_deflation,2,nan
237-126133-0005_2830-3980-0004_1089-134686-0000,s2,ungated_deflation,3,-12.355590601312468
237-126133-0005_2830-3980-0004_1089-134686-0000,s3,ungated_deflation,1,24.70429415297096
237-126133-0005_2830-3980-0004_1089-134686-0000,s3,ungated_deflation,2,-3.7493543931403694
237-126133-0005_2830-3980-0004_1089-134686-0000,s3,ungated_deflation,3,-12.699553629301752
237-126133-0005_2830-3980-0004_1089-134686-0000,s1,gated_deflation,1,inf
237-126133-0005_2830-3980-0004_1089-134686-0000,s1,gated_deflation,2,8.528684788847986
237-126133-0005_2830-3980-0004_1089-134686-0000,s1,gated_deflation,3,5.393392278299842
237-126133-0005_2830-3980-0004_1089-134686-0000,s2,gated_deflation,1,inf
237-126133-0005_2830-3980-0004_1089-134686-0000,s2,gated_deflation,2,nan
237-126133-0005_2830-3980-0004_1089-134686-0000,s2,gated_deflation,3,-12.355590601312468
237-126133-0005_2830-3980-0004_1089-134686-0000,s3,gated_deflation,1,24.70429415297096
237-126133-0005_2830-3980-0004_1089-134686-0000,s3,gated_deflation,2,-3.7493543931403694
237-126133-0005_2830-3980-0004_1089-134686-0000,s3,gated_deflation,3,-12.699553629301752
237-126133-0005_2830-3980-0004_1089-134686-0000,s1,coarse_to_fine,1,inf
237-126133-0005_2830-3980-0004_1089-134686-0000,s1,coarse_to_fine,2,8.970021101844276
237-126133-0005_2830-3980-0004_1089-134686-0000,s1,coarse_to_fine,3,4.804543412411696
237-126133-0005_2830-3980-0004_1089-134686-0000,s2,coarse_to_fine,1,inf
237-126133-0005_2830-3980-0004_1089-134686-0000,s2,coarse_to_fine,2,nan
237-126133-0005_2830-3980-0004_1089-134686-0000,s2,coarse_to_fine,3,-5.238868878637066
237-126133-0005_2830-3980-0004_1089-134686-0000,s3,coarse_to_fine,1,40.44434457338586
237-126133-0005_2830-3980-0004_1089-134686-0000,s3,coarse_to_fine,2,9.39869379723898
237-126133-0005_2830-3980-0004_1089-134686-0000,s3,coarse_to_fine,3,2.429564552111981
4077-13754-0005_8455-210777-0050_6829-68769-0018,s1,no_recursion,1,46.33765057363839
4077-13754-0005_8455-210777-0050_6829-68769-0018,s1,no_recursion,2,8.069370749106533
4077-13754-0005_8455-210777-0050_6829-68769-0018,s1,no_recursion,3,-0.14951870101614279
4077-13754-0005_8455-210777-0050_6829-68769-0018,s2,no_recursion,1,inf
4077-13754-0005_8455-210777-0050_6829-68769-0018,s2,no_recursion,2,nan
4077-13754-0005_8455-210777-0050_6829-68769-0018,s2,no_recursion,3,-1.5242018016096235
4077-13754-0005_8455-210777-0050_6829-68769-0018,s3,no_recursion,1,33.09974922399467
4077-13754-0005_8455-210777-0050_6829-68769-0018,s3,no_recursion,2,5.244432844780638
4077-13754-0005_8455-210777-0050_6829-68769-0018,s3,no_recursion,3,1.997032039176467
4077-13754-0005_8455-210777-0050_6829-68769-0018,s1,ungated_deflation,1,46.724481710329194
4077-13754-0005_8455-210777-0050_6829-68769-0018,s1,ungated_deflation,2,-3.2789125614634287
4077-13754-0005_8455-210777-0050_6829-68769-0018,s1,ungated_deflation,3,-4.322012863918878
4077-13754-0005_8455-210777-0050_6829-68769-0018,s2,ungated_deflation,1,inf
4077-13754-0005_8455-210777-0050_6829-68769-0018,s2,ungated_deflation,2,nan
4077-13754-0005_8455-210777-0050_6829-68769-0018,s2,ungated_deflation,3,-1.5242018016096235
4077-13754-0005_8455-210777-0050_6829-68769-0018,s3,ungated_deflation,1,38.57858512752803
4077-13754-0005_8455-210777-0050_6829-68769-0018,s3,ungated_deflation,2,4.5913709070260635
4077-13754-0005_8455-210777-0050_6829-68769-0018,s3,ungated_deflation,3,-0.7988842826572964
4077-13754-0005_8455-210777-0050_6829-68769-0018,s1,gated_deflation,1,46.33765057363839
4077-13754-0005_8455-210777-0050_6829-68769-0018,s1,gated_deflation,2,8.069370749106533
4077-13754-0005_8455-210777-0050_6829-68769-0018,s1,gated_deflation,3,-0.14951870101614279
4077-13754-0005_8455-210777-0050_6829-68769-0018,s2,gated_deflation,1,inf
4077-13754-0005_8455-210777-0050_6829-68769-0018,s2,gated_deflation,2,nan
4077-13754-0005_8455-210777-0050_6829-68769-0018,s2,gated_deflation,3,-1.5242018016096235
4077-13754-0005_8455-210777-0050_6829-68769-0018,s3,gated_deflation,1,33.09974922399467
4077-13754-0005_8455-210777-0050_6829-68769-0018,s3,gated_deflation,2,5.244432844780638
4077-13754-0005_8455-210777-0050_6829-68769-0018,s3,gated_deflation,3,1.997032039176467
4077-13754-0005_8455-210777-0050_6829-68769-0018,s1,coarse_to_fine,1,45.30236509482372
4077-13754-0005_8455-210777-0050_6829-68769-0018,s1,coarse_to_fine,2,7.049477651620118
4077-13754-0005_8455-210777-0050_6829-68769-0018,s1,coarse_to_fine,3,-0.4940808785763521
4077-13754-0005_8455-210777-0050_6829-68769-0018,s2,coarse_to_fine,1,inf
4077-13754-0005_8455-210777-0050_6829-68769-0018,s2,coarse_to_fine,2,nan
4077-13754-0005_8455-210777-0050_6829-68769-0018,s2,coarse_to_fine,3,-1.1935213760091297
4077-13754-0005_8455-210777-0050_6829-68769-0018,s3,coarse_to_fine,1,33.912670806311944
4077-13754-0005_8455-210777-0050_6829-68769-0018,s3,coarse_to_fine,2,4.4107320046639025
4077-13754-0005_8455-210777-0050_6829-68769-0018,s3,coarse_to_fine,3,1.5174856808311326
2094-142345-0056_7729-102255-0045_7176-92135-0040,s1,no_recursion,1,inf
2094-142345-0056_7729-102255-0045_7176-92135-0040,s1,no_recursion,2,nan
2094-142345-0056_7729-102255-0045_7176-92135-0040,s1,no_recursion,3,5.124231037755804
2094-142345-0056_7729-102255-0045_7176-92135-0040,s2,no_recursion,1,inf
2094-142345-0056_7729-102255-0045_7176-92135-0040,s2,no_recursion,2,1.5439785991887889
2094-142345-0056_7729-102255-0045_7176-92135-0040,s2,no_recursion,3,-0.8028599669333986
2094-142345-0056_7729-102255-0045_7176-92135-0040,s3,no_recursion,1,37.910275696882394
2094-142345-0056_7729-102255-0045_7176-92135-0040,s3,no_recursion,2,-0.5484998666649997
2094-142345-0056_7729-102255-0045_7176-92135-0040,s3,no_recursion,3,-2.4198084613292776
2094-142345-0056_7729-102255-0045_7176-92135-0040,s1,ungated_deflation,1,inf
2094-142345-0056_7729-102255-0045_7176-92135-0040,s1,ungated_deflation,2,nan
2094-142345-0056_7729-102255-0045_7176-92135-0040,s1,ungated_deflation,3,5.124231037755804
2094-142345-0056_7729-102255-0045_7176-92135-0040,s2,ungated_deflation,1,inf
2094-142345-0056_7729-102255-0045_7176-92135-0040,s2,ungated_deflation,2,0.7211590288693125
2094-142345-0056_7729-102255-0045_7176-92135-0040,s2,ungated_deflation,3,-4.2990468996890465
2094-142345-0056_7729-102255-0045_7176-92135-0040,s3,ungated_deflation,1,21.602309717124978
2094-142345-0056_7729-102255-0045_7176-92135-0040,s3,ungated_deflation,2,-1.4536408435172237
2094-142345-0056_7729-102255-0045_7176-92135-0040,s3,ungated_deflation,3,-3.8381037747889426
2094-142345-0056_7729-102255-0045_7176-92135-0040,s1,gated_deflation,1,inf
2094-142345-0056_7729-102255-0045_7176-92135-0040,s1,gated_deflation,2,nan
2094-142345-0056_7729-102255-0045_7176-92135-0040,s1,gated_deflation,3,5.124231037755804
2094-142345-0056_7729-102255-0045_7176-92135-0040,s2,gated_deflation,1,inf
2094-142345-0056_7729-102255-0045_7176-92135-0040,s2,gated_deflation,2,1.5439785991887889
2094-142345-0056_7729-102255-0045_7176-92135-0040,s2,gated_deflation,3,-0.8028599669333986
2094-142345-0056_7729-102255-0045_7176-92135-0040,s3,gated_deflation,1,37.910275696882394
2094-142345-0056_7729-102255-0045_7176-92135-0040,s3,gated_deflation,2,-0.5484998666649997
2094-142345-0056_7729-102255-0045_7176-92135-0040,s3,gated_deflation,3,-2.4198084613292776
2094-142345-0056_7729-102255-0045_7176-92135-0040,s1,coarse_to_fine,1,inf
2094-142345-0056_7729-102255-0045_7176-92135-0040,s1,coarse_to_fine,2,nan
2094-142345-0056_7729-102255-0045_7176-92135-0040,s1,coarse_to_fine,3,4.871075389151405
2094-142345-0056_7729-102255-0045_7176-92135-0040,s2,coarse_to_fine,1,inf
2094-142345-0056_7729-102255-0045_7176-92135-0040,s2,coarse_to_fine,2,1.5179116990184374
2094-142345-0056_7729-102255-0045_7176-92135-0040,s2,coarse_to_fine,3,-0.6138494989154379
2094-142345-0056_7729-102255-0045_7176-92135-0040,s3,coarse_to_fine,1,37.90587823809728
2094-142345-0056_7729-102255-0045_7176-92135-0040,s3,coarse_to_fine,2,-1.4022612335208682
2094-142345-0056_7729-102255-0045_7176-92135-0040,s3,coarse_to_fine,3,-2.8358033581768485
3575-170457-0006_1995-1836-0000_3570-5695-0013,s1,no_recursion,1,inf
3575-170457-0006_1995-1836-0000_3570-5695-0013,s1,no_recursion,2,-1.1143730486752206
3575-170457-0006_1995-1836-0000_3570-5695-0013,s1,no_recursion,3,-2.775158105611056
3575-170457-0006_1995-1836-0000_3570-5695-0013,s2,no_recursion,1,29.494682289907075
3575-170457-0006_1995-1836-0000_3570-5695-0013,s2,no_recursion,2,1.4778495118784707
3575-170457-0006_1995-1836-0000_3570-5695-0013,s2,no_recursion,3,-3.768773330336992
3575-170457-0006_1995-1836-0000_3570-5695-0013,s3,no_recursion,1,24.016235550065414
3575-170457-0006_1995-1836-0000_3570-5695-0013,s3,no_recursion,2,nan
3575-170457-0006_1995-1836-0000_3570-5695-0013,s3,no_recursion,3,-0.7313146131497348
3575-170457-0006_1995-1836-0000_3570-5695-0013,s1,ungated_deflation,1,inf
3575-170457-0006_1995-1836-0000_3570-5695-0013,s1,ungated_deflation,2,-1.1143730486752206
3575-170457-0006_1995-1836-0000_3570-5695-0013,s1,ungated_deflation,3,-2.775158105611056
3575-170457-0006_1995-1836-0000_3570-5695-0013,s2,ungated_deflation,1,40.71592884669465
3575-170457-0006_1995-1836-0000_3570-5695-0013,s2,ungated_deflation,2,-5.896884130824423
3575-170457-0006_1995-1836-0000_3570-5695-0013,s2,ungated_deflation,3,-51.82793800504137
3575-170457-0006_1995-1836-0000_3570-5695-0013,s3,ungated_deflation,1,9.656408812480622
3575-170457-0006_1995-1836-0000_3570-5695-0013,s3,ungated_deflation,2,nan
3575-170457-0006_1995-1836-0000_3570-5695-0013,s3,ungated_deflation,3,-3.3682078173771766
3575-170457-0006_1995-1836-0000_3570-5695-0013,s1,gated_deflation,1,inf
3575-170457-0006_1995-1836-0000_3570-5695-0013,s1,gated_deflation,2,-1.1143730486752206
3575-170457-0006_1995-1836-0000_3570-5695-0013,s1,gated_deflation,3,-2.775158105611056
3575-170457-0006_1995-1836-0000_3570-5695-0013,s2,gated_deflation,1,40.71592884669465
3575-170457-0006_1995-1836-0000_3570-5695-0013,s2,gated_deflation,2,-5.896884130824423
3575-170457-0006_1995-1836-0000_3570-5695-0013,s2,gated_deflation,3,-51.82793800504137
3575-170457-0006_1995-1836-0000_3570-5695-0013,s3,gated_deflation,1,9.656408812480622
3575-170457-0006_1995-1836-0000_3570-5695-0013,s3,gated_deflation,2,nan
3575-170457-0006_1995-1836-0000_3570-5695-0013,s3,gated_deflation,3,-3.3682078173771766
3575-170457-0006_1995-1836-0000_3570-5695-0013,s1,coarse_to_fine,1,inf
3575-170457-0006_1995-1836-0000_3570-5695-0013,s1,coarse_to_fine,2,-5.145793026402381
3575-170457-0006_1995-1836-0000_3570-5695-0013,s1,coarse_to_fine,3,-5.054747981904388
3575-170457-0006_1995-1836-0000_3570-5695-0013,s2,coarse_to_fine,1,30.057430512582798
3575-170457-0006_1995-1836-0000_3570-5695-0013,s2,coarse_to_fine,2,3.8087333383166344
3575-170457-0006_1995-1836-0000_3570-5695-0013,s2,coarse_to_fine,3,-2.83611710016689
3575-170457-0006_1995-1836-0000_3570-5695-0013,s3,coarse_to_fine,1,21.764101589150986
3575-170457-0006_1995-1836-0000_3570-5695-0013,s3,coarse_to_fine,2,nan
3575-170457-0006_1995-1836-0000_3570-5695-0013,s3,coarse_to_fine,3,-1.0687784881416913
2961-961-0007_237-134493-0013_2830-3980-0011,s1,no_recursion,1,52.88355311054835
2961-961-0007_237-134493-0013_2830-3980-0011,s1,no_recursion,2,4.626440658919856
2961-961-0007_237-134493-0013_2830-3980-0011,s1,no_recursion,3,6.0486410447943095
2961-961-0007_237-134493-0013_2830-3980-0011,s2,no_recursion,1,inf
2961-961-0007_237-134493-0013_2830-3980-0011,s2,no_recursion,2,nan
2961-961-0007_237-134493-0013_2830-3980-0011,s2,no_recursion,3,-4.71057500305882
2961-961-0007_237-134493-0013_2830-3980-0011,s3,no_recursion,1,27.793159317535213
2961-961-0007_237-134493-0013_2830-3980-0011,s3,no_recursion,2,-3.6407763675107567
2961-961-0007_237-134493-0013_2830-3980-0011,s3,no_recursion,3,-5.443448524931988
2961-961-0007_237-134493-0013_2830-3980-0011,s1,ungated_deflation,1,34.39042472963903
2961-961-0007_237-134493-0013_2830-3980-0011,s1,ungated_deflation,2,1.8674403913670505
2961-961-0007_237-134493-0013_2830-3980-0011,s1,ungated_deflation,3,-2.2483959929531254
2961-961-0007_237-134493-0013_2830-3980-0011,s2,ungated_deflation,1,inf
2961-961-0007_237-134493-0013_2830-3980-0011,s2,ungated_deflation,2,nan
2961-961-0007_237-134493-0013_2830-3980-0011,s2,ungated_deflation,3,-4.71057500305882
2961-961-0007_237-134493-0013_2830-3980-0011,s3,ungated_deflation,1,19.98247190258857
2961-961-0007_237-134493-0013_2830-3980-0011,s3,ungated_deflation,2,0.08696410462587707
2961-961-0007_237-134493-0013_2830-3980-0011,s3,ungated_deflation,3,-10.845009543224196
2961-961-0007_237-134493-0013_2830-3980-0011,s1,gated_deflation,1,30.889409346894546
2961-961-0007_237-134493-0013_2830-3980-0011,s1,gated_deflation,2,2.973474757997774
2961-961-0007_237-134493-0013_2830-3980-0011,s1,gated_deflation,3,4.79141791322489
2961-961-0007_237-134493-0013_2830-3980-0011,s2,gated_deflation,1,inf
2961-961-0007_237-134493-0013_2830-3980-0011,s2,gated_deflation,2,nan
2961-961-0007_237-134493-0013_2830-3980-0011,s2,gated_deflation,3,-4.71057500305882
2961-961-0007_237-134493-0013_2830-3980-0011,s3,gated_deflation,1,27.793159317535213
2961-961-0007_237-134493-0013_2830-3980-0011,s3,gated_deflation,2,-3.6407763675107567
2961-961-0007_237-134493-0013_2830-3980-0011,s3,gated_deflation,3,-5.443448524931988
2961-961-0007_237-134493-0013_2830-3980-0011,s1,coarse_to_fine,1,52.25668740141806
2961-961-0007_237-134493-0013_2830-3980-0011,s1,coarse_to_fine,2,3.6191823937320993
2961-961-0007_237-134493-0013_2830-3980-0011,s1,coarse_to_fine,3,5.687605161362102
2961-961-0007_237-134493-0013_2830-3980-0011,s2,coarse_to_fine,1,inf
2961-961-0007_237-134493-0013_2830-3980-0011,s2,coarse_to_fine,2,nan
2961-961-0007_237-134493-0013_2830-3980-0011,s2,coarse_to_fine,3,-6.414138680837943
2961-961-0007_237-134493-0013_2830-3980-0011,s3,coarse_to_fine,1,28.692277810446654
2961-961-0007_237-134493-0013_2830-3980-0011,s3,coarse_to_fine,2,-4.996704466869273
2961-961-0007_237-134493-0013_2830-3980-0011,s3,coarse_to_fine,3,-7.701567787021068
121-121726-0007_61-70968-0008_2300-131720-0038,s1,no_recursion,1,35.780237995518746
121-121726-0007_61-70968-0008_2300-131720-0038,s1,no_recursion,2,0.011898103558988704
121-121726-0007_61-70968-0008_2300-131720-0038,s1,no_recursion,3,3.667054525432935
121-121726-0007_61-70968-0008_2300-131720-0038,s2,no_recursion,1,inf
121-121726-0007_61-70968-0008_2300-131720-0038,s2,no_recursion,2,nan
121-121726-0007_61-70968-0008_2300-131720-0038,s2,no_recursion,3,-8.689784820077314
121-121726-0007_61-70968-0008_2300-131720-0038,s3,no_recursion,1,38.62257578179018
121-121726-0007_61-70968-0008_2300-131720-0038,s3,no_recursion,2,6.699559829674319
121-121726-0007_61-70968-0008_2300-131720-0038,s3,no_recursion,3,1.804108397270614
121-121726-0007_61-70968-0008_2300-131720-0038,s1,ungated_deflation,1,32.68530184967628
121-121726-0007_61-70968-0008_2300-131720-0038,s1,ungated_deflation,2,-2.89585773918388
121-121726-0007_61-70968-0008_2300-131720-0038,s1,ungated_deflation,3,-12.684043379650422
121-121726-0007_61-70968-0008_2300-131720-0038,s2,ungated_deflation,1,inf
121-121726-0007_61-70968-0008_2300-131720-0038,s2,ungated_deflation,2,nan
121-121726-0007_61-70968-0008_2300-131720-0038,s2,ungated_deflation,3,-8.689784820077314
121-121726-0007_61-70968-0008_2300-131720-0038,s3,ungated_deflation,1,35.36927305079574
121-121726-0007_61-70968-0008_2300-131720-0038,s3,ungated_deflation,2,4.932071006131719
121-121726-0007_61-70968-0008_2300-131720-0038,s3,ungated_deflation,3,-6.4028708991517735
121-121726-0007_61-70968-0008_2300-131720-0038,s1,gated_deflation,1,32.810775739217746
121-121726-0007_61-70968-0008_2300-131720-0038,s1,gated_deflation,2,3.213674782504257
121-121726-0007_61-70968-0008_2300-131720-0038,s1,gated_deflation,3,-2.445782874788367
121-121726-0007_61-70968-0008_2300-131720-0038,s2,gated_deflation,1,inf
121-121726-0007_61-70968-0008_2300-131720-0038,s2,gated_deflation,2,nan
121-121726-0007_61-70968-0008_2300-131720-0038,s2,gated_deflation,3,-8.689784820077314
121-121726-0007_61-70968-0008_2300-131720-0038,s3,gated_deflation,1,35.36927305079574
121-121726-0007_61-70968-0008_2300-131720-0038,s3,gated_deflation,2,4.932071006131719
121-121726-0007_61-70968-0008_2300-131720-0038,s3,gated_deflation,3,-6.4028708991517735
121-121726-0007_61-70968-0008_2300-131720-0038,s1,coarse_to_fine,1,36.0188624100845
121-121726-0007_61-70968-0008_2300-131720-0038,s1,coarse_to_fine,2,7.3076145042988845
121-121726-0007_61-70968-0008_2300-131720-0038,s1,coarse_to_fine,3,4.449388205594481
121-121726-0007_61-70968-0008_2300-131720-0038,s2,coarse_to_fine,1,inf
121-121726-0007_61-70968-0008_2300-131720-0038,s2,coarse_to_fine,2,nan
121-121726-0007_61-70968-0008_2300-131720-0038,s2,coarse_to_fine,3,-8.17387914917283
121-121726-0007_61-70968-0008_2300-131720-0038,s3,coarse_to_fine,1,37.29732703400512
121-121726-0007_61-70968-0008_2300-131720-0038,s3,coarse_to_fine,2,6.165046190544129
121-121726-0007_61-70968-0008_2300-131720-0038,s3,coarse_to_fine,3,1.6834449920423764
4970-29095-0032_6829-68771-0002_3729-6852-0009,s1,no_recursion,1,inf
4970-29095-0032_6829-68771-0002_3729-6852-0009,s1,no_recursion,2,nan
4970-29095-0032_6829-68771-0002_3729-6852-0009,s1,no_recursion,3,2.581484734650768
4970-29095-0032_6829-68771-0002_3729-6852-0009,s2,no_recursion,1,inf
4970-29095-0032_6829-68771-0002_3729-6852-0009,s2,no_recursion,2,-8.567310327504979
4970-29095-0032_6829-68771-0002_3729-6852-0009,s2,no_recursion,3,-6.863065220189236
4970-29095-0032_6829-68771-0002_3729-6852-0009,s3,no_recursion,1,41.2172713104738
4970-29095-0032_6829-68771-0002_3729-6852-0009,s3,no_recursion,2,5.151464860392958
4970-29095-0032_6829-68771-0002_3729-6852-0009,s3,no_recursion,3,-5.66123135043336
4970-29095-0032_6829-68771-0002_3729-6852-0009,s1,ungated_deflation,1,inf
4970-29095-0032_6829-68771-0002_3729-6852-0009,s1,ungated_deflation,2,nan
4970-29095-0032_6829-68771-0002_3729-6852-0009,s1,ungated_deflation,3,2.581484734650768
4970-29095-0032_6829-68771-0002_3729-6852-0009,s2,ungated_deflation,1,inf
4970-29095-0032_6829-68771-0002_3729-6852-0009,s2,ungated_deflation,2,-9.89425426655656
4970-29095-0032_6829-68771-0002_3729-6852-0009,s2,ungated_deflation,3,-10.330500237438333
4970-29095-0032_6829-68771-0002_3729-6852-0009,s3,ungated_deflation,1,44.39019524236581
4970-29095-0032_6829-68771-0002_3729-6852-0009,s3,ungated_deflation,2,-9.37137449661017
4970-29095-0032_6829-68771-0002_3729-6852-0009,s3,ungated_deflation,3,-42.969040634888685
4970-29095-0032_6829-68771-0002_3729-6852-0009,s1,gated_deflation,1,inf
4970-29095-0032_6829-68771-0002_3729-6852-0009,s1,gated_deflation,2,nan
4970-29095-0032_6829-68771-0002_3729-6852-0009,s1,gated_deflation,3,2.581484734650768
4970-29095-0032_6829-68771-0002_3729-6852-0009,s2,gated_deflation,1,inf
4970-29095-0032_6829-68771-0002_3729-6852-0009,s2,gated_deflation,2,-9.89425426655656
4970-29095-0032_6829-68771-0002_3729-6852-0009,s2,gated_deflation,3,-10.330500237438333
4970-29095-0032_6829-68771-0002_3729-6852-0009,s3,gated_deflation,1,44.39019524236581
4970-29095-0032_6829-68771-0002_3729-6852-0009,s3,gated_deflation,2,-9.37137449661017
4970-29095-0032_6829-68771-0002_3729-6852-0009,s3,gated_deflation,3,-42.969040634888685
4970-29095-0032_6829-68771-0002_3729-6852-0009,s1,coarse_to_fine,1,inf
4970-29095-0032_6829-68771-0002_3729-6852-0009,s1,coarse_to_fine,2,nan
4970-29095-0032_6829-68771-0002_3729-6852-0009,s1,coarse_to_fine,3,2.975342359726313
4970-29095-0032_6829-68771-0002_3729-6852-0009,s2,coarse_to_fine,1,inf
4970-29095-0032_6829-68771-0002_3729-6852-0009,s2,coarse_to_fine,2,-11.510517354758825
4970-29095-0032_6829-68771-0002_3729-6852-0009,s2,coarse_to_fine,3,-9.006459378009167
4970-29095-0032_6829-68771-0002_3729-6852-0009,s3,coarse_to_fine,1,44.87148319065448
4970-29095-0032_6829-68771-0002_3729-6852-0009,s3,coarse_to_fine,2,10.150867340753466
4970-29095-0032_6829-68771-0002_3729-6852-0009,s3,coarse_to_fine,3,-5.923560315045742
1995-1837-0016_7021-79730-0001_7127-75946-0011,s1,no_recursion,1,inf
1995-1837-0016_7021-79730-0001_7127-75946-0011,s1,no_recursion,2,9.541401864307545
1995-1837-0016_7021-79730-0001_7127-75946-0011,s1,no_recursion,3,8.088764590131815
1995-1837-0016_7021-79730-0001_7127-75946-0011,s2,no_recursion,1,49.4615818776669
1995-1837-0016_7021-79730-0001_7127-75946-0011,s2,no_recursion,2,1.9234303263856367
1995-1837-0016_7021-79730-0001_7127-75946-0011,s2,no_recursion,3,2.175428060617412
1995-1837-0016_7021-79730-0001_7127-75946-0011,s3,no_recursion,1,17.92894762754785
1995-1837-0016_7021-79730-0001_7127-75946-0011,s3,no_recursion,2,nan
1995-1837-0016_7021-79730-0001_7127-75946-0011,s3,no_recursion,3,-2.052661094669036
1995-1837-0016_7021-79730-0001_7127-75946-0011,s1,ungated_deflation,1,inf
1995-1837-0016_7021-79730-0001_7127-75946-0011,s1,ungated_deflation,2,9.541401864307545
1995-1837-0016_7021-79730-0001_7127-75946-0011,s1,ungated_deflation,3,8.088764590131815
1995-1837-0016_7021-79730-0001_7127-75946-0011,s2,ungated_deflation,1,43.876524757982
1995-1837-0016_7021-79730-0001_7127-75946-0011,s2,ungated_deflation,2,-6.12722224288512
1995-1837-0016_7021-79730-0001_7127-75946-0011,s2,ungated_deflation,3,-2.757255737593305
1995-1837-0016_7021-79730-0001_7127-75946-0011,s3,ungated_deflation,1,16.262633692048173
1995-1837-0016_7021-79730-0001_7127-75946-0011,s3,ungated_deflation,2,nan
1995-1837-0016_7021-79730-0001_7127-75946-0011,s3,ungated_deflation,3,-3.592752804285805
1995-1837-0016_7021-79730-0001_7127-75946-0011,s1,gated_deflation,1,inf
1995-1837-0016_7021-79730-0001_7127-75946-0011,s1,gated_deflation,2,9.541401864307545
1995-1837-0016_7021-79730-0001_7127-75946-0011,s1,gated_deflation,3,8.088764590131815
1995-1837-0016_7021-79730-0001_7127-75946-0011,s2,gated_deflation,1,51.10768803982906
1995-1837-0016_7021-79730-0001_7127-75946-0011,s2,gated_deflation,2,2.4629111763794778
1995-1837-0016_7021-79730-0001_7127-75946-0011,s2,gated_deflation,3,-6.159246027088
1995-1837-0016_7021-79730-0001_7127-75946-0011,s3,gated_deflation,1,17.92894762754785
1995-1837-0016_7021-79730-0001_7127-75946-0011,s3,gated_deflation,2,nan
1995-1837-0016_7021-79730-0001_7127-75946-0011,s3,gated_deflation,3,-2.052661094669036
1995-1837-0016_7021-79730-0001_7127-75946-0011,s1,coarse_to_fine,1,inf
1995-1837-0016_7021-79730-0001_7127-75946-0011,s1,coarse_to_fine,2,8.543783315745712
1995-1837-0016_7021-79730-0001_7127-75946-0011,s1,coarse_to_fine,3,6.139078941741662
1995-1837-0016_7021-79730-0001_7127-75946-0011,s2,coarse_to_fine,1,50.91191373193365
1995-1837-0016_7021-79730-0001_7127-75946-0011,s2,coarse_to_fine,2,1.9653715945601689
1995-1837-0016_7021-79730-0001_7127-75946-0011,s2,coarse_to_fine,3,2.0954875154478634
1995-1837-0016_7021-79730-0001_7127-75946-0011,s3,coarse_to_fine,1,17.706129913964663
1995-1837-0016_7021-79730-0001_7127-75946-0011,s3,coarse_to_fine,2,nan
1995-1837-0016_7021-79730-0001_7127-75946-0011,s3,coarse_to_fine,3,-1.040760642256783
1580-141083-0000_7127-75947-0019_8224-274384-0000,s1,no_recursion,1,41.002998573468965
1580-141083-0000_7127-75947-0019_8224-274384-0000,s1,no_recursion,2,3.886726183777493
1580-141083-0000_7127-75947-0019_8224-274384-0000,s1,no_recursion,3,5.60627031240011
1580-141083-0000_7127-75947-0019_8224-274384-0000,s2,no_recursion,1,inf
1580-141083-0000_7127-75947-0019_8224-274384-0000,s2,no_recursion,2,nan
1580-141083-0000_7127-75947-0019_8224-274384-0000,s2,no_recursion,3,-9.3836928019254
1580-141083-0000_7127-75947-0019_8224-274384-0000,s3,no_recursion,1,39.287401413578664
1580-141083-0000_7127-75947-0019_8224-274384-0000,s3,no_recursion,2,13.601663121320907
1580-141083-0000_7127-75947-0019_8224-274384-0000,s3,no_recursion,3,7.83035379339548
1580-141083-0000_7127-75947-0019_8224-274384-0000,s1,ungated_deflation,1,36.63188372379458
1580-141083-0000_7127-75947-0019_8224-274384-0000,s1,ungated_deflation,2,-5.39035687904018
1580-141083-0000_7127-75947-0019_8224-274384-0000,s1,ungated_deflation,3,-25.681060274824272
1580-141083-0000_7127-75947-0019_8224-274384-0000,s2,ungated_deflation,1,inf
1580-141083-0000_7127-75947-0019_8224-274384-0000,s2,ungated_deflation,2,nan
1580-141083-0000_7127-75947-0019_8224-274384-0000,s2,ungated_deflation,3,-9.3836928019254
1580-141083-0000_7127-75947-0019_8224-274384-0000,s3,ungated_deflation,1,32.69287688747907
1580-141083-0000_7127-75947-0019_8224-274384-0000,s3,ungated_deflation,2,12.06012173064745
1580-141083-0000_7127-75947-0019_8224-274384-0000,s3,ungated_deflation,3,6.567928431924143
1580-141083-0000_7127-75947-0019_8224-274384-0000,s1,gated_deflation,1,36.63188372379458
1580-141083-0000_7127-75947-0019_8224-274384-0000,s1,gated_deflation,2,-5.39035687904018
1580-141083-0000_7127-75947-0019_8224-274384-0000,s1,gated_deflation,3,-25.681060274824272
1580-141083-0000_7127-75947-0019_8224-274384-0000,s2,gated_deflation,1,inf
1580-141083-0000_7127-75947-0019_8224-274384-0000,s2,gated_deflation,2,nan
1580-141083-0000_7127-75947-0019_8224-274384-0000,s2,gated_deflation,3,-9.3836928019254
1580-141083-0000_7127-75947-0019_8224-274384-0000,s3,gated_deflation,1,32.69287688747907
1580-141083-0000_7127-75947-0019_8224-274384-0000,s3,gated_deflation,2,12.06012173064745
1580-141083-0000_7127-75947-0019_8224-274384-0000,s3,gated_deflation,3,6.567928431924143
1580-141083-0000_7127-75947-0019_8224-274384-0000,s1,coarse_to_fine,1,41.36611707030131
1580-141083-0000_7127-75947-0019_8224-274384-0000,s1,coarse_to_fine,2,2.0802626036636727
1580-141083-0000_7127-75947-0019_8224-274384-0000,s1,coarse_to_fine,3,3.9899385726854337
1580-141083-0000_7127-75947-0019_8224-274384-0000,s2,coarse_to_fine,1,inf
1580-141083-0000_7127-75947-0019_8224-274384-0000,s2,coarse_to_fine,2,nan
1580-141083-0000_7127-75947-0019_8224-274384-0000,s2,coarse_to_fine,3,-9.873936950596534
1580-141083-0000_7127-75947-0019_8224-274384-0000,s3,coarse_to_fine,1,39.650188741288964
1580-141083-0000_7127-75947-0019_8224-274384-0000,s3,coarse_to_fine,2,13.894951791818462
1580-141083-0000_7127-75947-0019_8224-274384-0000,s3,coarse_to_fine,3,7.911561287696232
3570-5696-0009_8555-284449-0006_7176-92135-0042,s1,no_recursion,1,36.963475059811245
3570-5696-0009_8555-284449-0006_7176-92135-0042,s1,no_recursion,2,5.6377322136574985
3570-5696-0009_8555-284449-0006_7176-92135-0042,s1,no_recursion,3,-2.9574395701390115
3570-5696-0009_8555-284449-0006_7176-92135-0042,s2,no_recursion,1,inf
3570-5696-0009_8555-284449-0006_7176-92135-0042,s2,no_recursion,2,nan
3570-5696-0009_8555-284449-0006_7176-92135-0042,s2,no_recursion,3,0.4072613323679881
3570-5696-0009_8555-284449-0006_7176-92135-0042,s3,no_recursion,1,23.8888931601703
3570-5696-0009_8555-284449-0006_7176-92135-0042,s3,no_recursion,2,8.3401337543757
3570-5696-0009_8555-284449-0006_7176-92135-0042,s3,no_recursion,3,3.2103340545851715
3570-5696-0009_8555-284449-0006_7176-92135-0042,s1,ungated_deflation,1,40.55139349658762
3570-5696-0009_8555-284449-0006_7176-92135-0042,s1,ungated_deflation,2,-9.992393664194534
3570-5696-0009_8555-284449-0006_7176-92135-0042,s1,ungated_deflation,3,-5.663251357657055
3570-5696-0009_8555-284449-0006_7176-92135-0042,s2,ungated_deflation,1,inf
3570-5696-0009_8555-284449-0006_7176-92135-0042,s2,ungated_deflation,2,nan
3570-5696-0009_8555-284449-0006_7176-92135-0042,s2,ungated_deflation,3,0.4072613323679881
3570-5696-0009_8555-284449-0006_7176-92135-0042,s3,ungated_deflation,1,23.90762125160308
3570-5696-0009_8555-284449-0006_7176-92135-0042,s3,ungated_deflation,2,5.899296173303544
3570-5696-0009_8555-284449-0006_7176-92135-0042,s3,ungated_deflation,3,-6.188670253019943
3570-5696-0009_8555-284449-0006_7176-92135-0042,s1,gated_deflation,1,38.53474387808644
3570-5696-0009_8555-284449-0006_7176-92135-0042,s1,gated_deflation,2,-7.59930834473013
3570-5696-0009_8555-284449-0006_7176-92135-0042,s1,gated_deflation,3,-6.030144558800535
3570-5696-0009_8555-284449-0006_7176-92135-0042,s2,gated_deflation,1,inf
3570-5696-0009_8555-284449-0006_7176-92135-0042,s2,gated_deflation,2,nan
3570-5696-0009_8555-284449-0006_7176-92135-0042,s2,gated_deflation,3,0.4072613323679881
3570-5696-0009_8555-284449-0006_7176-92135-0042,s3,gated_deflation,1,23.8888931601703
3570-5696-0009_8555-284449-0006_7176-92135-0042,s3,gated_deflation,2,8.3401337543757
3570-5696-0009_8555-284449-0006_7176-92135-0042,s3,gated_deflation,3,3.2103340545851715
3570-5696-0009_8555-284449-0006_7176-92135-0042,s1,coarse_to_fine,1,35.70673324867713
3570-5696-0009_8555-284449-0006_7176-92135-0042,s1,coarse_to_fine,2,4.7455911424680375
3570-5696-0009_8555-284449-0006_7176-92135-0042,s1,coarse_to_fine,3,-2.8773557975439017
3570-5696-0009_8555-284449-0006_7176-92135-0042,s2,coarse_to_fine,1,inf
3570-5696-0009_8555-284449-0006_7176-92135-0042,s2,coarse_to_fine,2,nan
3570-5696-0009_8555-284449-0006_7176-92135-0042,s2,coarse_to_fine,3,-0.7172048800491553
3570-5696-0009_8555-284449-0006_7176-92135-0042,s3,coarse_to_fine,1,24.44910769680763
3570-5696-0009_8555-284449-0006_7176-92135-0042,s3,coarse_to_fine,2,7.365711904525193
3570-5696-0009_8555-284449-0006_7176-92135-0042,s3,coarse_to_fine,3,2.303890651402576
2300-131720-0001_5142-36586-0003_908-31957-0018,s1,no_recursion,1,58.42106248163171
2300-131720-0001_5142-36586-0003_908-31957-0018,s1,no_recursion,2,8.362582475870322
2300-131720-0001_5142-36586-0003_908-31957-0018,s1,no_recursion,3,-4.329584408971248
2300-131720-0001_5142-36586-0003_908-31957-0018,s2,no_recursion,1,inf
2300-131720-0001_5142-36586-0003_908-31957-0018,s2,no_recursion,2,6.32768384224806
2300-131720-0001_5142-36586-0003_908-31957-0018,s2,no_recursion,3,1.916074786030235
2300-131720-0001_5142-36586-0003_908-31957-0018,s3,no_recursion,1,28.71626083431929
2300-131720-0001_5142-36586-0003_908-31957-0018,s3,no_recursion,2,nan
2300-131720-0001_5142-36586-0003_908-31957-0018,s3,no_recursion,3,2.619058635624067
2300-131720-0001_5142-36586-0003_908-31957-0018,s1,ungated_deflation,1,47.80342326108463
2300-131720-0001_5142-36586-0003_908-31957-0018,s1,ungated_deflation,2,-3.5588345173418094
2300-131720-0001_5142-36586-0003_908-31957-0018,s1,ungated_deflation,3,-6.235601330808201
2300-131720-0001_5142-36586-0003_908-31957-0018,s2,ungated_deflation,1,inf
2300-131720-0001_5142-36586-0003_908-31957-0018,s2,ungated_deflation,2,6.32768384224806
2300-131720-0001_5142-36586-0003_908-31957-0018,s2,ungated_deflation,3,1.916074786030235
2300-131720-0001_5142-36586-0003_908-31957-0018,s3,ungated_deflation,1,30.956626034620164
2300-131720-0001_5142-36586-0003_908-31957-0018,s3,ungated_deflation,2,nan
2300-131720-0001_5142-36586-0003_908-31957-0018,s3,ungated_deflation,3,-9.362229576104882
2300-131720-0001_5142-36586-0003_908-31957-0018,s1,gated_deflation,1,47.80342326108463
2300-131720-0001_5142-36586-0003_908-31957-0018,s1,gated_deflation,2,-3.5588345173418094
2300-131720-0001_5142-36586-0003_908-31957-0018,s1,gated_deflation,3,-6.235601330808201
2300-131720-0001_5142-36586-0003_908-31957-0018,s2,gated_deflation,1,inf
2300-131720-0001_5142-36586-0003_908-31957-0018,s2,gated_deflation,2,6.32768384224806
2300-131720-0001_5142-36586-0003_908-31957-0018,s2,gated_deflation,3,1.916074786030235
2300-131720-0001_5142-36586-0003_908-31957-0018,s3,gated_deflation,1,30.956626034620164
2300-131720-0001_5142-36586-0003_908-31957-0018,s3,gated_deflation,2,nan
2300-131720-0001_5142-36586-0003_908-31957-0018,s3,gated_deflation,3,-9.362229576104882
2300-131720-0001_5142-36586-0003_908-31957-0018,s1,coarse_to_fine,1,58.83829982630993
2300-131720-0001_5142-36586-0003_908-31957-0018,s1,coarse_to_fine,2,8.781103231228101
2300-131720-0001_5142-36586-0003_908-31957-0018,s1,coarse_to_fine,3,-4.430055345735156
2300-131720-0001_5142-36586-0003_908-31957-0018,s2,coarse_to_fine,1,inf
2300-131720-0001_5142-36586-0003_908-31957-0018,s2,coarse_to_fine,2,5.283296370808825
2300-131720-0001_5142-36586-0003_908-31957-0018,s2,coarse_to_fine,3,1.5033165310611714
2300-131720-0001_5142-36586-0003_908-31957-0018,s3,coarse_to_fine,1,30.3631785107943
2300-131720-0001_5142-36586-0003_908-31957-0018,s3,coarse_to_fine,2,nan
2300-131720-0001_5142-36586-0003_908-31957-0018,s3,coarse_to_fine,3,2.557876767341833
5683-32879-0012_5105-28241-0017_5142-33396-0033,s1,no_recursion,1,inf
5683-32879-0012_5105-28241-0017_5142-33396-0033,s1,no_recursion,2,nan
5683-32879-0012_5105-28241-0017_5142-33396-0033,s1,no_recursion,3,5.283389291645914
5683-32879-0012_5105-28241-0017_5142-33396-0033,s2,no_recursion,1,48.57510454166329
5683-32879-0012_5105-28241-0017_5142-33396-0033,s2,no_recursion,2,12.055707895416504
5683-32879-0012_5105-28241-0017_5142-33396-0033,s2,no_recursion,3,0.3688087544328769
5683-32879-0012_5105-28241-0017_5142-33396-0033,s3,no_recursion,1,31.738810941065033
5683-32879-0012_5105-28241-0017_5142-33396-0033,s3,no_recursion,2,2.172461527684569
5683-32879-0012_5105-28241-0017_5142-33396-0033,s3,no_recursion,3,-4.264802730428943
5683-32879-0012_5105-28241-0017_5142-33396-0033,s1,ungated_deflation,1,inf
5683-32879-0012_5105-28241-0017_5142-33396-0033,s1,ungated_deflation,2,nan
5683-32879-0012_5105-28241-0017_5142-33396-0033,s1,ungated_deflation,3,5.283389291645914
5683-32879-0012_5105-28241-0017_5142-33396-0033,s2,ungated_deflation,1,40.95521004794465
5683-32879-0012_5105-28241-0017_5142-33396-0033,s2,ungated_deflation,2,-4.974396966725099
5683-32879-0012_5105-28241-0017_5142-33396-0033,s2,ungated_deflation,3,-15.315362632250281
5683-32879-0012_5105-28241-0017_5142-33396-0033,s3,ungated_deflation,1,31.103125969246875
5683-32879-0012_5105-28241-0017_5142-33396-0033,s3,ungated_deflation,2,1.7698757266068803
5683-32879-0012_5105-28241-0017_5142-33396-0033,s3,ungated_deflation,3,-9.00330319005181
5683-32879-0012_5105-28241-0017_5142-33396-0033,s1,gated_deflation,1,inf
5683-32879-0012_5105-28241-0017_5142-33396-0033,s1,gated_deflation,2,nan
5683-32879-0012_5105-28241-0017_5142-33396-0033,s1,gated_deflation,3,5.283389291645914
5683-32879-0012_5105-28241-0017_5142-33396-0033,s2,gated_deflation,1,46.04385442864416
5683-32879-0012_5105-28241-0017_5142-33396-0033,s2,gated_deflation,2,8.710666908755636
5683-32879-0012_5105-28241-0017_5142-33396-0033,s2,gated_deflation,3,-13.840543751435838
5683-32879-0012_5105-28241-0017_5142-33396-0033,s3,gated_deflation,1,31.103125969246875
5683-32879-0012_5105-28241-0017_5142-33396-0033,s3,gated_deflation,2,1.7698757266068803
5683-32879-0012_5105-28241-0017_5142-33396-0033,s3,gated_deflation,3,-9.00330319005181
5683-32879-0012_5105-28241-0017_5142-33396-0033,s1,coarse_to_fine,1,inf
5683-32879-0012_5105-28241-0017_5142-33396-0033,s1,coarse_to_fine,2,nan
5683-32879-0012_5105-28241-0017_5142-33396-0033,s1,coarse_to_fine,3,6.372080636983336
5683-32879-0012_5105-28241-0017_5142-33396-0033,s2,coarse_to_fine,1,48.29737866059132
5683-32879-0012_5105-28241-0017_5142-33396-0033,s2,coarse_to_fine,2,2.951384535335513
5683-32879-0012_5105-28241-0017_5142-33396-0033,s2,coarse_to_fine,3,-2.426242913394877
5683-32879-0012_5105-28241-0017_5142-33396-0033,s3,coarse_to_fine,1,32.9481139423695
5683-32879-0012_5105-28241-0017_5142-33396-0033,s3,coarse_to_fine,2,-12.508219048503388
5683-32879-0012_5105-28241-0017_5142-33396-0033,s3,coarse_to_fine,3,-10.975942440400825
237-126133-0018_4970-29095-0007_3570-5695-0006,s1,no_recursion,1,inf
237-126133-0018_4970-29095-0007_3570-5695-0006,s1,no_recursion,2,nan
237-126133-0018_4970-29095-0007_3570-5695-0006,s1,no_recursion,3,-6.48615481779118
237-126133-0018_4970-29095-0007_3570-5695-0006,s2,no_recursion,1,56.35830521823961
237-126133-0018_4970-29095-0007_3570-5695-0006,s2,no_recursion,2,-6.853785490752713
237-126133-0018_4970-29095-0007_3570-5695-0006,s2,no_recursion,3,-3.9371452400748232
237-126133-0018_4970-29095-0007_3570-5695-0006,s3,no_recursion,1,57.41426135703203
237-126133-0018_4970-29095-0007_3570-5695-0006,s3,no_recursion,2,6.009907382868633
237-126133-0018_4970-29095-0007_3570-5695-0006,s3,no_recursion,3,9.10509947462452
237-126133-0018_4970-29095-0007_3570-5695-0006,s1,ungated_deflation,1,inf
237-126133-0018_4970-29095-0007_3570-5695-0006,s1,ungated_deflation,2,nan
237-126133-0018_4970-29095-0007_3570-5695-0006,s1,ungated_deflation,3,-6.48615481779118
237-126133-0018_4970-29095-0007_3570-5695-0006,s2,ungated_deflation,1,55.677070055538145
237-126133-0018_4970-29095-0007_3570-5695-0006,s2,ungated_deflation,2,-7.939046753444012
237-126133-0018_4970-29095-0007_3570-5695-0006,s2,ungated_deflation,3,-9.622880549946505
237-126133-0018_4970-29095-0007_3570-5695-0006,s3,ungated_deflation,1,36.82970701972881
237-126133-0018_4970-29095-0007_3570-5695-0006,s3,ungated_deflation,2,3.1240797558089177
237-126133-0018_4970-29095-0007_3570-5695-0006,s3,ungated_deflation,3,-2.6181527070836235
237-126133-0018_4970-29095-0007_3570-5695-0006,s1,gated_deflation,1,inf
237-126133-0018_4970-29095-0007_3570-5695-0006,s1,gated_deflation,2,nan
237-126133-0018_4970-29095-0007_3570-5695-0006,s1,gated_deflation,3,-6.48615481779118
237-126133-0018_4970-29095-0007_3570-5695-0006,s2,gated_deflation,1,49.59607923508952
237-126133-0018_4970-29095-0007_3570-5695-0006,s2,gated_deflation,2,-10.01249875567611
237-126133-0018_4970-29095-0007_3570-5695-0006,s2,gated_deflation,3,-6.7726145462389455
237-126133-0018_4970-29095-0007_3570-5695-0006,s3,gated_deflation,1,57.41426135703203
237-126133-0018_4970-29095-0007_3570-5695-0006,s3,gated_deflation,2,6.009907382868633
237-126133-0018_4970-29095-0007_3570-5695-0006,s3,gated_deflation,3,9.10509947462452
237-126133-0018_4970-29095-0007_3570-5695-0006,s1,coarse_to_fine,1,inf
237-126133-0018_4970-29095-0007_3570-5695-0006,s1,coarse_to_fine,2,nan
237-126133-0018_4970-29095-0007_3570-5695-0006,s1,coarse_to_fine,3,-10.273671954183133
237-126133-0018_4970-29095-0007_3570-5695-0006,s2,coarse_to_fine,1,54.78581716683777
237-126133-0018_4970-29095-0007_3570-5695-0006,s2,coarse_to_fine,2,-0.9268840410852006
237-126133-0018_4970-29095-0007_3570-5695-0006,s2,coarse_to_fine,3,0.41583274187927666
237-126133-0018_4970-29095-0007_3570-5695-0006,s3,coarse_to_fine,1,57.30116713816998
237-126133-0018_4970-29095-0007_3570-5695-0006,s3,coarse_to_fine,2,4.836124244041369
237-126133-0018_4970-29095-0007_3570-5695-0006,s3,coarse_to_fine,3,7.793668074192759
4446-2275-0033_8230-279154-0033_4992-41797-0007,s1,no_recursion,1,inf
4446-2275-0033_8230-279154-0033_4992-41797-0007,s1,no_recursion,2,-13.173582053783097
4446-2275-0033_8230-279154-0033_4992-41797-0007,s1,no_recursion,3,-4.247164304241694
4446-2275-0033_8230-279154-0033_4992-41797-0007,s2,no_recursion,1,42.805843074208774
4446-2275-0033_8230-279154-0033_4992-41797-0007,s2,no_recursion,2,12.823505340011732
4446-2275-0033_8230-279154-0033_4992-41797-0007,s2,no_recursion,3,4.697950544433543
4446-2275-0033_8230-279154-0033_4992-41797-0007,s3,no_recursion,1,24.325142152095097
4446-2275-0033_8230-279154-0033_4992-41797-0007,s3,no_recursion,2,nan
4446-2275-0033_8230-279154-0033_4992-41797-0007,s3,no_recursion,3,2.0881031164723116
4446-2275-0033_8230-279154-0033_4992-41797-0007,s1,ungated_deflation,1,inf
4446-2275-0033_8230-279154-0033_4992-41797-0007,s1,ungated_deflation,2,-13.173582053783097
4446-2275-0033_8230-279154-0033_4992-41797-0007,s1,ungated_deflation,3,-4.247164304241694
4446-2275-0033_8230-279154-0033_4992-41797-0007,s2,ungated_deflation,1,43.22400152092017
4446-2275-0033_8230-279154-0033_4992-41797-0007,s2,ungated_deflation,2,0.2600295810308308
4446-2275-0033_8230-279154-0033_4992-41797-0007,s2,ungated_deflation,3,-9.583335505946241
4446-2275-0033_8230-279154-0033_4992-41797-0007,s3,ungated_deflation,1,23.379163957565623
4446-2275-0033_8230-279154-0033_4992-41797-0007,s3,ungated_deflation,2,nan
4446-2275-0033_8230-279154-0033_4992-41797-0007,s3,ungated_deflation,3,-5.420986166961146
4446-2275-0033_8230-279154-0033_4992-41797-0007,s1,gated_deflation,1,inf
4446-2275-0033_8230-279154-0033_4992-41797-0007,s1,gated_deflation,2,-13.173582053783097
4446-2275-0033_8230-279154-0033_4992-41797-0007,s1,gated_deflation,3,-4.247164304241694
4446-2275-0033_8230-279154-0033_4992-41797-0007,s2,gated_deflation,1,43.104523320677416
4446-2275-0033_8230-279154-0033_4992-41797-0007,s2,gated_deflation,2,4.4788432800518105
4446-2275-0033_8230-279154-0033_4992-41797-0007,s2,gated_deflation,3,-1.829013799735025
4446-2275-0033_8230-279154-0033_4992-41797-0007,s3,gated_deflation,1,23.379163957565623
4446-2275-0033_8230-279154-0033_4992-41797-0007,s3,gated_deflation,2,nan
4446-2275-0033_8230-279154-0033_4992-41797-0007,s3,gated_deflation,3,-5.420986166961146
4446-2275-0033_8230-279154-0033_4992-41797-0007,s1,coarse_to_fine,1,inf
4446-2275-0033_8230-279154-0033_4992-41797-0007,s1,coarse_to_fine,2,-12.833439609271206
4446-2275-0033_8230-279154-0033_4992-41797-0007,s1,coarse_to_fine,3,-4.744219946898954
4446-2275-0033_8230-279154-0033_4992-41797-0007,s2,coarse_to_fine,1,42.84011968369998
4446-2275-0033_8230-279154-0033_4992-41797-0007,s2,coarse_to_fine,2,14.689238064775116
4446-2275-0033_8230-279154-0033_4992-41797-0007,s2,coarse_to_fine,3,3.8957111937162554
4446-2275-0033_8230-279154-0033_4992-41797-0007,s3,coarse_to_fine,1,24.266020904200587
4446-2275-0033_8230-279154-0033_4992-41797-0007,s3,coarse_to_fine,2,nan
4446-2275-0033_8230-279154-0033_4992-41797-0007,s3,coarse_to_fine,3,2.638647368940688
1320-122617-0016_4992-41806-0008_2830-3980-0025,s1,no_recursion,1,inf
1320-122617-0016_4992-41806-0008_2830-3980-0025,s1,no_recursion,2,4.112980681979107
1320-122617-0016_4992-41806-0008_2830-3980-0025,s1,no_recursion,3,-3.133090532376012
1320-122617-0016_4992-41806-0008_2830-3980-0025,s2,no_recursion,1,71.17761193223188
1320-122617-0016_4992-41806-0008_2830-3980-0025,s2,no_recursion,2,5.535108031806781
1320-122617-0016_4992-41806-0008_2830-3980-0025,s2,no_recursion,3,0.5124449739126029
1320-122617-0016_4992-41806-0008_2830-3980-0025,s3,no_recursion,1,25.84559566309278
1320-122617-0016_4992-41806-0008_2830-3980-0025,s3,no_recursion,2,nan
1320-122617-0016_4992-41806-0008_2830-3980-0025,s3,no_recursion,3,-1.1090081510825065
1320-122617-0016_4992-41806-0008_2830-3980-0025,s1,ungated_deflation,1,inf
1320-122617-0016_4992-41806-0008_2830-3980-0025,s1,ungated_deflation,2,4.112980681979107
1320-122617-0016_4992-41806-0008_2830-3980-0025,s1,ungated_deflation,3,-3.133090532376012
1320-122617-0016_4992-41806-0008_2830-3980-0025,s2,ungated_deflation,1,50.26287849968285
1320-122617-0016_4992-41806-0008_2830-3980-0025,s2,ungated_deflation,2,-3.2592415019786944
1320-122617-0016_4992-41806-0008_2830-3980-0025,s2,ungated_deflation,3,-8.88020259392778
1320-122617-0016_4992-41806-0008_2830-3980-0025,s3,ungated_deflation,1,17.207803365080625
1320-122617-0016_4992-41806-0008_2830-3980-0025,s3,ungated_deflation,2,nan
1320-122617-0016_4992-41806-0008_2830-3980-0025,s3,ungated_deflation,3,-4.699788094062043
1320-122617-0016_4992-41806-0008_2830-3980-0025,s1,gated_deflation,1,inf
1320-122617-0016_4992-41806-0008_2830-3980-0025,s1,gated_deflation,2,4.112980681979107
1320-122617-0016_4992-41806-0008_2830-3980-0025,s1,gated_deflation,3,-3.133090532376012
1320-122617-0016_4992-41806-0008_2830-3980-0025,s2,gated_deflation,1,72.09170680609824
1320-122617-0016_4992-41806-0008_2830-3980-0025,s2,gated_deflation,2,-1.0386606873218982
1320-122617-0016_4992-41806-0008_2830-3980-0025,s2,gated_deflation,3,-3.3708013164327477
1320-122617-0016_4992-41806-0008_2830-3980-0025,s3,gated_deflation,1,25.84559566309278
1320-122617-0016_4992-41806-0008_2830-3980-0025,s3,gated_deflation,2,nan
1320-122617-0016_4992-41806-0008_2830-3980-0025,s3,gated_deflation,3,-1.1090081510825065
1320-122617-0016_4992-41806-0008_2830-3980-0025,s1,coarse_to_fine,1,inf
1320-122617-0016_4992-41806-0008_2830-3980-0025,s1,coarse_to_fine,2,4.112980681979107
1320-122617-0016_4992-41806-0008_2830-3980-0025,s1,coarse_to_fine,3,-3.133090532376012
1320-122617-0016_4992-41806-0008_2830-3980-0025,s2,coarse_to_fine,1,69.1374355719784
1320-122617-0016_4992-41806-0008_2830-3980-0025,s2,coarse_to_fine,2,2.903886346756201
1320-122617-0016_4992-41806-0008_2830-3980-0025,s2,coarse_to_fine,3,-1.9703003711588283
1320-122617-0016_4992-41806-0008_2830-3980-0025,s3,coarse_to_fine,1,24.796203364097842
1320-122617-0016_4992-41806-0008_2830-3980-0025,s3,coarse_to_fine,2,nan
1320-122617-0016_4992-41806-0008_2830-3980-0025,s3,coarse_to_fine,3,-1.8716447923839312
61-70970-0015_8463-294825-0004_2961-961-0004,s1,no_recursion,1,inf
61-70970-0015_8463-294825-0004_2961-961-0004,s1,no_recursion,2,8.248140597636427
61-70970-0015_8463-294825-0004_2961-961-0004,s1,no_recursion,3,6.662525750059726
61-70970-0015_8463-294825-0004_2961-961-0004,s2,no_recursion,1,inf
61-70970-0015_8463-294825-0004_2961-961-0004,s2,no_recursion,2,nan
61-70970-0015_8463-294825-0004_2961-961-0004,s2,no_recursion,3,-6.160904322503205
61-70970-0015_8463-294825-0004_2961-961-0004,s3,no_recursion,1,26.53897742775085
61-70970-0015_8463-294825-0004_2961-961-0004,s3,no_recursion,2,7.734127291210226
61-70970-0015_8463-294825-0004_2961-961-0004,s3,no_recursion,3,4.155840799804138
61-70970-0015_8463-294825-0004_2961-961-0004,s1,ungated_deflation,1,inf
61-70970-0015_8463-294825-0004_2961-961-0004,s1,ungated_deflation,2,8.248140597636427
61-70970-0015_8463-294825-0004_2961-961-0004,s1,ungated_deflation,3,6.662525750059726
61-70970-0015_8463-294825-0004_2961-961-0004,s2,ungated_deflation,1,inf
61-70970-0015_8463-294825-0004_2961-961-0004,s2,ungated_deflation,2,nan
61-70970-0015_8463-294825-0004_2961-961-0004,s2,ungated_deflation,3,-12.566895313324105
61-70970-0015_8463-294825-0004_2961-961-0004,s3,ungated_deflation,1,29.016368079982875
61-70970-0015_8463-294825-0004_2961-961-0004,s3,ungated_deflation,2,-9.495190715164837
61-70970-0015_8463-294825-0004_2961-961-0004,s3,ungated_deflation,3,-5.296109282221112
61-70970-0015_8463-294825-0004_2961-961-0004,s1,gated_deflation,1,inf
61-70970-0015_8463-294825-0004_2961-961-0004,s1,gated_deflation,2,8.248140597636427
61-70970-0015_8463-294825-0004_2961-961-0004,s1,gated_deflation,3,6.662525750059726
61-70970-0015_8463-294825-0004_2961-961-0004,s2,gated_deflation,1,inf
61-70970-0015_8463-294825-0004_2961-961-0004,s2,gated_deflation,2,nan
61-70970-0015_8463-294825-0004_2961-961-0004,s2,gated_deflation,3,-12.566895313324105
61-70970-0015_8463-294825-0004_2961-961-0004,s3,gated_deflation,1,27.984279356585144
61-70970-0015_8463-294825-0004_2961-961-0004,s3,gated_deflation,2,-10.681526712497016
61-70970-0015_8463-294825-0004_2961-961-0004,s3,gated_deflation,3,-10.596787895073712
61-70970-0015_8463-294825-0004_2961-961-0004,s1,coarse_to_fine,1,inf
61-70970-0015_8463-294825-0004_2961-961-0004,s1,coarse_to_fine,2,8.506431635795447
61-70970-0015_8463-294825-0004_2961-961-0004,s1,coarse_to_fine,3,6.725641792198356
61-70970-0015_8463-294825-0004_2961-961-0004,s2,coarse_to_fine,1,inf
61-70970-0015_8463-294825-0004_2961-961-0004,s2,coarse_to_fine,2,nan
61-70970-0015_8463-294825-0004_2961-961-0004,s2,coarse_to_fine,3,-6.212424818675384
61-70970-0015_8463-294825-0004_2961-961-0004,s3,coarse_to_fine,1,27.198769998745167
61-70970-0015_8463-294825-0004_2961-961-0004,s3,coarse_to_fine,2,7.601515917437931
61-70970-0015_8463-294825-0004_2961-961-0004,s3,coarse_to_fine,3,3.887083154960628
4970-29095-0028_6829-68769-0014_4077-13751-0004,s1,no_recursion,1,inf
4970-29095-0028_6829-68769-0014_4077-13751-0004,s1,no_recursion,2,7.438420252353413
4970-29095-0028_6829-68769-0014_4077-13751-0004,s1,no_recursion,3,4.162582847309738
4970-29095-0028_6829-68769-0014_4077-13751-0004,s2,no_recursion,1,inf
4970-29095-0028_6829-68769-0014_4077-13751-0004,s2,no_recursion,2,nan
4970-29095-0028_6829-68769-0014_4077-13751-0004,s2,no_recursion,3,-1.426216244034294
4970-29095-0028_6829-68769-0014_4077-13751-0004,s3,no_recursion,1,46.581213728277326
4970-29095-0028_6829-68769-0014_4077-13751-0004,s3,no_recursion,2,5.42226239718833
4970-29095-0028_6829-68769-0014_4077-13751-0004,s3,no_recursion,3,-2.618722262092768
4970-29095-0028_6829-68769-0014_4077-13751-0004,s1,ungated_deflation,1,inf
4970-29095-0028_6829-68769-0014_4077-13751-0004,s1,ungated_deflation,2,7.438420252353413
4970-29095-0028_6829-68769-0014_4077-13751-0004,s1,ungated_deflation,3,4.162582847309738
4970-29095-0028_6829-68769-0014_4077-13751-0004,s2,ungated_deflation,1,inf
4970-29095-0028_6829-68769-0014_4077-13751-0004,s2,ungated_deflation,2,nan
4970-29095-0028_6829-68769-0014_4077-13751-0004,s2,ungated_deflation,3,-6.342400537762706
4970-29095-0028_6829-68769-0014_4077-13751-0004,s3,ungated_deflation,1,24.293721202320526
4970-29095-0028_6829-68769-0014_4077-13751-0004,s3,ungated_deflation,2,-6.562737737078943
4970-29095-0028_6829-68769-0014_4077-13751-0004,s3,ungated_deflation,3,-10.303050161342377
4970-29095-0028_6829-68769-0014_4077-13751-0004,s1,gated_deflation,1,inf
4970-29095-0028_6829-68769-0014_4077-13751-0004,s1,gated_deflation,2,7.438420252353413
4970-29095-0028_6829-68769-0014_4077-13751-0004,s1,gated_deflation,3,4.162582847309738
4970-29095-0028_6829-68769-0014_4077-13751-0004,s2,gated_deflation,1,inf
4970-29095-0028_6829-68769-0014_4077-13751-0004,s2,gated_deflation,2,nan
4970-29095-0028_6829-68769-0014_4077-13751-0004,s2,gated_deflation,3,-6.342400537762706
4970-29095-0028_6829-68769-0014_4077-13751-0004,s3,gated_deflation,1,31.742209668203827
4970-29095-0028_6829-68769-0014_4077-13751-0004,s3,gated_deflation,2,-6.101666325244515
4970-29095-0028_6829-68769-0014_4077-13751-0004,s3,gated_deflation,3,-8.394557555268632
4970-29095-0028_6829-68769-0014_4077-13751-0004,s1,coarse_to_fine,1,inf
4970-29095-0028_6829-68769-0014_4077-13751-0004,s1,coarse_to_fine,2,8.338089779023711
4970-29095-0028_6829-68769-0014_4077-13751-0004,s1,coarse_to_fine,3,3.322842182896346
4970-29095-0028_6829-68769-0014_4077-13751-0004,s2,coarse_to_fine,1,inf
4970-29095-0028_6829-68769-0014_4077-13751-0004,s2,coarse_to_fine,2,nan
4970-29095-0028_6829-68769-0014_4077-13751-0004,s2,coarse_to_fine,3,-3.2171985037688406
4970-29095-0028_6829-68769-0014_4077-13751-0004,s3,coarse_to_fine,1,44.563980048976816
4970-29095-0028_6829-68769-0014_4077-13751-0004,s3,coarse_to_fine,2,4.74999667129889
4970-29095-0028_6829-68769-0014_4077-13751-0004,s3,coarse_to_fine,3,-2.3169610650015935
5639-40744-0024_121-127105-0036_8230-279154-0042,s1,no_recursion,1,inf
5639-40744-0024_121-127105-0036_8230-279154-0042,s1,no_recursion,2,-3.5717568543879166
5639-40744-0024_121-127105-0036_8230-279154-0042,s1,no_recursion,3,-11.461612080587289
5639-40744-0024_121-127105-0036_8230-279154-0042,s2,no_recursion,1,inf
5639-40744-0024_121-127105-0036_8230-279154-0042,s2,no_recursion,2,nan
5639-40744-0024_121-127105-0036_8230-279154-0042,s2,no_recursion,3,-1.2319199915480585
5639-40744-0024_121-127105-0036_8230-279154-0042,s3,no_recursion,1,49.919507207918286
5639-40744-0024_121-127105-0036_8230-279154-0042,s3,no_recursion,2,10.964170178678165
5639-40744-0024_121-127105-0036_8230-279154-0042,s3,no_recursion,3,6.6876083683323
5639-40744-0024_121-127105-0036_8230-279154-0042,s1,ungated_deflation,1,inf
5639-40744-0024_121-127105-0036_8230-279154-0042,s1,ungated_deflation,2,-3.5717568543879166
5639-40744-0024_121-127105-0036_8230-279154-0042,s1,ungated_deflation,3,-11.461612080587289
5639-40744-0024_121-127105-0036_8230-279154-0042,s2,ungated_deflation,1,inf
5639-40744-0024_121-127105-0036_8230-279154-0042,s2,ungated_deflation,2,nan
5639-40744-0024_121-127105-0036_8230-279154-0042,s2,ungated_deflation,3,-0.502730146317278
5639-40744-0024_121-127105-0036_8230-279154-0042,s3,ungated_deflation,1,30.24562605350833
5639-40744-0024_121-127105-0036_8230-279154-0042,s3,ungated_deflation,2,-2.8697840266476997
5639-40744-0024_121-127105-0036_8230-279154-0042,s3,ungated_deflation,3,-7.098937885467348
5639-40744-0024_121-127105-0036_8230-279154-0042,s1,gated_deflation,1,inf
5639-40744-0024_121-127105-0036_8230-279154-0042,s1,gated_deflation,2,-3.5717568543879166
5639-40744-0024_121-127105-0036_8230-279154-0042,s1,gated_deflation,3,-11.461612080587289
5639-40744-0024_121-127105-0036_8230-279154-0042,s2,gated_deflation,1,inf
5639-40744-0024_121-127105-0036_8230-279154-0042,s2,gated_deflation,2,nan
5639-40744-0024_121-127105-0036_8230-279154-0042,s2,gated_deflation,3,-1.2319199915480585
5639-40744-0024_121-127105-0036_8230-279154-0042,s3,gated_deflation,1,49.919507207918286
5639-40744-0024_121-127105-0036_8230-279154-0042,s3,gated_deflation,2,10.964170178678165
5639-40744-0024_121-127105-0036_8230-279154-0042,s3,gated_deflation,3,6.6876083683323
5639-40744-0024_121-127105-0036_8230-279154-0042,s1,coarse_to_fine,1,inf
5639-40744-0024_121-127105-0036_8230-279154-0042,s1,coarse_to_fine,2,0.7033634147169877
5639-40744-0024_121-127105-0036_8230-279154-0042,s1,coarse_to_fine,3,-8.995211878109814
5639-40744-0024_121-127105-0036_8230-279154-0042,s2,coarse_to_fine,1,inf
5639-40744-0024_121-127105-0036_8230-279154-0042,s2,coarse_to_fine,2,nan
5639-40744-0024_121-127105-0036_8230-279154-0042,s2,coarse_to_fine,3,-2.0637796906480173
5639-40744-0024_121-127105-0036_8230-279154-0042,s3,coarse_to_fine,1,52.35800992671099
5639-40744-0024_121-127105-0036_8230-279154-0042,s3,coarse_to_fine,2,10.645934735320001
5639-40744-0024_121-127105-0036_8230-279154-0042,s3,coarse_to_fine,3,6.930783332937254
5105-28240-0014_6930-75918-0000_1284-1180-0024,s1,no_recursion,1,inf
5105-28240-0014_6930-75918-0000_1284-1180-0024,s1,no_recursion,2,nan
5105-28240-0014_6930-75918-0000_1284-1180-0024,s1,no_recursion,3,-5.2939656592729945
5105-28240-0014_6930-75918-0000_1284-1180-0024,s2,no_recursion,1,inf
5105-28240-0014_6930-75918-0000_1284-1180-0024,s2,no_recursion,2,-1.5652649908910177
5105-28240-0014_6930-75918-0000_1284-1180-0024,s2,no_recursion,3,-3.4176840871227143
5105-28240-0014_6930-75918-0000_1284-1180-0024,s3,no_recursion,1,32.7993810902568
5105-28240-0014_6930-75918-0000_1284-1180-0024,s3,no_recursion,2,14.450291341251072
5105-28240-0014_6930-75918-0000_1284-1180-0024,s3,no_recursion,3,6.406506895994815
5105-28240-0014_6930-75918-0000_1284-1180-0024,s1,ungated_deflation,1,inf
5105-28240-0014_6930-75918-0000_1284-1180-0024,s1,ungated_deflation,2,nan
5105-28240-0014_6930-75918-0000_1284-1180-0024,s1,ungated_deflation,3,-5.2939656592729945
5105-28240-0014_6930-75918-0000_1284-1180-0024,s2,ungated_deflation,1,inf
5105-28240-0014_6930-75918-0000_1284-1180-0024,s2,ungated_deflation,2,-12.079214296142396
5105-28240-0014_6930-75918-0000_1284-1180-0024,s2,ungated_deflation,3,-0.5652575244935478
5105-28240-0014_6930-75918-0000_1284-1180-0024,s3,ungated_deflation,1,31.44085968398648
5105-28240-0014_6930-75918-0000_1284-1180-0024,s3,ungated_deflation,2,6.338086773141778
5105-28240-0014_6930-75918-0000_1284-1180-0024,s3,ungated_deflation,3,-10.607219296373438
5105-28240-0014_6930-75918-0000_1284-1180-0024,s1,gated_deflation,1,inf
5105-28240-0014_6930-75918-0000_1284-1180-0024,s1,gated_deflation,2,nan
5105-28240-0014_6930-75918-0000_1284-1180-0024,s1,gated_deflation,3,-5.2939656592729945
5105-28240-0014_6930-75918-0000_1284-1180-0024,s2,gated_deflation,1,inf
5105-28240-0014_6930-75918-0000_1284-1180-0024,s2,gated_deflation,2,-12.079214296142396
5105-28240-0014_6930-75918-0000_1284-1180-0024,s2,gated_deflation,3,-0.5652575244935478
5105-28240-0014_6930-75918-0000_1284-1180-0024,s3,gated_deflation,1,22.03638396441789
5105-28240-0014_6930-75918-0000_1284-1180-0024,s3,gated_deflation,2,18.7777050069889
5105-28240-0014_6930-75918-0000_1284-1180-0024,s3,gated_deflation,3,1.0382734116927967
5105-28240-0014_6930-75918-0000_1284-1180-0024,s1,coarse_to_fine,1,inf
5105-28240-0014_6930-75918-0000_1284-1180-0024,s1,coarse_to_fine,2,nan
5105-28240-0014_6930-75918-0000_1284-1180-0024,s1,coarse_to_fine,3,-9.207521504027268
5105-28240-0014_6930-75918-0000_1284-1180-0024,s2,coarse_to_fine,1,inf
5105-28240-0014_6930-75918-0000_1284-1180-0024,s2,coarse_to_fine,2,-13.665668438233673
5105-28240-0014_6930-75918-0000_1284-1180-0024,s2,coarse_to_fine,3,-8.703698896465728
5105-28240-0014_6930-75918-0000_1284-1180-0024,s3,coarse_to_fine,1,32.252741263966314
5105-28240-0014_6930-75918-0000_1284-1180-0024,s3,coarse_to_fine,2,17.71778504332387
5105-28240-0014_6930-75918-0000_1284-1180-0024,s3,coarse_to_fine,3,6.619955165308346
7176-88083-0019_6829-68771-0025_8463-294828-0007,s1,no_recursion,1,inf
7176-88083-0019_6829-68771-0025_8463-294828-0007,s1,no_recursion,2,nan
7176-88083-0019_6829-68771-0025_8463-294828-0007,s1,no_recursion,3,7.439255545294903
7176-88083-0019_6829-68771-0025_8463-294828-0007,s2,no_recursion,1,inf
7176-88083-0019_6829-68771-0025_8463-294828-0007,s2,no_recursion,2,-1.1780294439555814
7176-88083-0019_6829-68771-0025_8463-294828-0007,s2,no_recursion,3,-2.1026244133548637
7176-88083-0019_6829-68771-0025_8463-294828-0007,s3,no_recursion,1,30.78417836710942
7176-88083-0019_6829-68771-0025_8463-294828-0007,s3,no_recursion,2,-0.17067119513480808
7176-88083-0019_6829-68771-0025_8463-294828-0007,s3,no_recursion,3,0.3619925659422464
7176-88083-0019_6829-68771-0025_8463-294828-0007,s1,ungated_deflation,1,inf
7176-88083-0019_6829-68771-0025_8463-294828-0007,s1,ungated_deflation,2,nan
7176-88083-0019_6829-68771-0025_8463-294828-0007,s1,ungated_deflation,3,7.439255545294903
7176-88083-0019_6829-68771-0025_8463-294828-0007,s2,ungated_deflation,1,inf
7176-88083-0019_6829-68771-0025_8463-294828-0007,s2,ungated_deflation,2,-1.2408624005902904
7176-88083-0019_6829-68771-0025_8463-294828-0007,s2,ungated_deflation,3,-5.800245378440733
7176-88083-0019_6829-68771-0025_8463-294828-0007,s3,ungated_deflation,1,32.552677959487546
7176-88083-0019_6829-68771-0025_8463-294828-0007,s3,ungated_deflation,2,-8.023100883535536
7176-88083-0019_6829-68771-0025_8463-294828-0007,s3,ungated_deflation,3,-9.879697115203962
7176-88083-0019_6829-68771-0025_8463-294828-0007,s1,gated_deflation,1,inf
7176-88083-0019_6829-68771-0025_8463-294828-0007,s1,gated_deflation,2,nan
7176-88083-0019_6829-68771-0025_8463-294828-0007,s1,gated_deflation,3,7.439255545294903
7176-88083-0019_6829-68771-0025_8463-294828-0007,s2,gated_deflation,1,inf
7176-88083-0019_6829-68771-0025_8463-294828-0007,s2,gated_deflation,2,-1.2408624005902904
7176-88083-0019_6829-68771-0025_8463-294828-0007,s2,gated_deflation,3,-5.800245378440733
7176-88083-0019_6829-68771-0025_8463-294828-0007,s3,gated_deflation,1,29.49154164787513
7176-88083-0019_6829-68771-0025_8463-294828-0007,s3,gated_deflation,2,1.908103447936401
7176-88083-0019_6829-68771-0025_8463-294828-0007,s3,gated_deflation,3,-1.3919777237827544
7176-88083-0019_6829-68771-0025_8463-294828-0007,s1,coarse_to_fine,1,inf
7176-88083-0019_6829-68771-0025_8463-294828-0007,s1,coarse_to_fine,2,nan
7176-88083-0019_6829-68771-0025_8463-294828-0007,s1,coarse_to_fine,3,6.581622503039705
7176-88083-0019_6829-68771-0025_8463-294828-0007,s2,coarse_to_fine,1,inf
7176-88083-0019_6829-68771-0025_8463-294828-0007,s2,coarse_to_fine,2,-2.108639074802502
7176-88083-0019_6829-68771-0025_8463-294828-0007,s2,coarse_to_fine,3,-2.3812066901973163
7176-88083-0019_6829-68771-0025_8463-294828-0007,s3,coarse_to_fine,1,30.26463860941756
7176-88083-0019_6829-68771-0025_8463-294828-0007,s3,coarse_to_fine,2,1.9809207710006609
7176-88083-0019_6829-68771-0025_8463-294828-0007,s3,coarse_to_fine,3,0.6167117495670844
7021-79740-0001_1320-122617-0033_6829-68771-0020,s1,no_recursion,1,inf
7021-79740-0001_1320-122617-0033_6829-68771-0020,s1,no_recursion,2,-8.429417343094167
7021-79740-0001_1320-122617-0033_6829-68771-0020,s1,no_recursion,3,-9.46436447018
7021-79740-0001_1320-122617-0033_6829-68771-0020,s2,no_recursion,1,31.335921930278268
7021-79740-0001_1320-122617-0033_6829-68771-0020,s2,no_recursion,2,8.886001971451803
7021-79740-0001_1320-122617-0033_6829-68771-0020,s2,no_recursion,3,5.933212151011748
7021-79740-0001_1320-122617-0033_6829-68771-0020,s3,no_recursion,1,31.213720172205424
7021-79740-0001_1320-122617-0033_6829-68771-0020,s3,no_recursion,2,nan
7021-79740-0001_1320-122617-0033_6829-68771-0020,s3,no_recursion,3,2.5768887640762186
7021-79740-0001_1320-122617-0033_6829-68771-0020,s1,ungated_deflation,1,inf
7021-79740-0001_1320-122617-0033_6829-68771-0020,s1,ungated_deflation,2,-8.429417343094167
7021-79740-0001_1320-122617-0033_6829-68771-0020,s1,ungated_deflation,3,-9.46436447018
7021-79740-0001_1320-122617-0033_6829-68771-0020,s2,ungated_deflation,1,31.02640617455416
7021-79740-0001_1320-122617-0033_6829-68771-0020,s2,ungated_deflation,2,7.296177384230114
7021-79740-0001_1320-122617-0033_6829-68771-0020,s2,ungated_deflation,3,3.523824168752604
7021-79740-0001_1320-122617-0033_6829-68771-0020,s3,ungated_deflation,1,32.16456123626444
7021-79740-0001_1320-122617-0033_6829-68771-0020,s3,ungated_deflation,2,nan
7021-79740-0001_1320-122617-0033_6829-68771-0020,s3,ungated_deflation,3,-11.513374667985662
7021-79740-0001_1320-122617-0033_6829-68771-0020,s1,gated_deflation,1,inf
7021-79740-0001_1320-122617-0033_6829-68771-0020,s1,gated_deflation,2,-8.429417343094167
7021-79740-0001_1320-122617-0033_6829-68771-0020,s1,gated_deflation,3,-9.46436447018
7021-79740-0001_1320-122617-0033_6829-68771-0020,s2,gated_deflation,1,31.335921930278268
7021-79740-0001_1320-122617-0033_6829-68771-0020,s2,gated_deflation,2,8.886001971451803
7021-79740-0001_1320-122617-0033_6829-68771-0020,s2,gated_deflation,3,5.933212151011748
7021-79740-0001_1320-122617-0033_6829-68771-0020,s3,gated_deflation,1,31.213720172205424
7021-79740-0001_1320-122617-0033_6829-68771-0020,s3,gated_deflation,2,nan
7021-79740-0001_1320-122617-0033_6829-68771-0020,s3,gated_deflation,3,2.5768887640762186
7021-79740-0001_1320-122617-0033_6829-68771-0020,s1,coarse_to_fine,1,inf
7021-79740-0001_1320-122617-0033_6829-68771-0020,s1,coarse_to_fine,2,-8.429417343094167
7021-79740-0001_1320-122617-0033_6829-68771-0020,s1,coarse_to_fine,3,-9.46436447018
7021-79740-0001_1320-122617-0033_6829-68771-0020,s2,coarse_to_fine,1,32.169648103922476
7021-79740-0001_1320-122617-0033_6829-68771-0020,s2,coarse_to_fine,2,9.422071900515547
7021-79740-0001_1320-122617-0033_6829-68771-0020,s2,coarse_to_fine,3,6.065875568156978
7021-79740-0001_1320-122617-0033_6829-68771-0020,s3,coarse_to_fine,1,31.905772629376763
7021-79740-0001_1320-122617-0033_6829-68771-0020,s3,coarse_to_fine,2,nan
7021-79740-0001_1320-122617-0033_6829-68771-0020,s3,coarse_to_fine,3,2.449161625440725
2830-3980-0055_6829-68771-0036_1580-141084-0048,s1,no_recursion,1,inf
2830-3980-0055_6829-68771-0036_1580-141084-0048,s1,no_recursion,2,8.51969054752887
2830-3980-0055_6829-68771-0036_1580-141084-0048,s1,no_recursion,3,4.054991981729425
2830-3980-0055_6829-68771-0036_1580-141084-0048,s2,no_recursion,1,inf
2830-3980-0055_6829-68771-0036_1580-141084-0048,s2,no_recursion,2,nan
2830-3980-0055_6829-68771-0036_1580-141084-0048,s2,no_recursion,3,-4.230808584995568
2830-3980-0055_6829-68771-0036_1580-141084-0048,s3,no_recursion,1,37.8939079634068
2830-3980-0055_6829-68771-0036_1580-141084-0048,s3,no_recursion,2,5.040303891715289
2830-3980-0055_6829-68771-0036_1580-141084-0048,s3,no_recursion,3,2.9191823679447686
2830-3980-0055_6829-68771-0036_1580-141084-0048,s1,ungated_deflation,1,inf
2830-3980-0055_6829-68771-0036_1580-141084-0048,s1,ungated_deflation,2,8.51969054752887
2830-3980-0055_6829-68771-0036_1580-141084-0048,s1,ungated_deflation,3,4.054991981729425
2830-3980-0055_6829-68771-0036_1580-141084-0048,s2,ungated_deflation,1,inf
2830-3980-0055_6829-68771-0036_1580-141084-0048,s2,ungated_deflation,2,nan
2830-3980-0055_6829-68771-0036_1580-141084-0048,s2,ungated_deflation,3,-6.728785516830764
2830-3980-0055_6829-68771-0036_1580-141084-0048,s3,ungated_deflation,1,19.513707483919063
2830-3980-0055_6829-68771-0036_1580-141084-0048,s3,ungated_deflation,2,0.45787009309922233
2830-3980-0055_6829-68771-0036_1580-141084-0048,s3,ungated_deflation,3,-11.206175278325743
2830-3980-0055_6829-68771-0036_1580-141084-0048,s1,gated_deflation,1,inf
2830-3980-0055_6829-68771-0036_1580-141084-0048,s1,gated_deflation,2,8.51969054752887
2830-3980-0055_6829-68771-0036_1580-141084-0048,s1,gated_deflation,3,4.054991981729425
2830-3980-0055_6829-68771-0036_1580-141084-0048,s2,gated_deflation,1,inf
2830-3980-0055_6829-68771-0036_1580-141084-0048,s2,gated_deflation,2,nan
2830-3980-0055_6829-68771-0036_1580-141084-0048,s2,gated_deflation,3,-6.728785516830764
2830-3980-0055_6829-68771-0036_1580-141084-0048,s3,gated_deflation,1,27.421311301969695
2830-3980-0055_6829-68771-0036_1580-141084-0048,s3,gated_deflation,2,0.4781860503392154
2830-3980-0055_6829-68771-0036_1580-141084-0048,s3,gated_deflation,3,-1.3836799182727355
2830-3980-0055_6829-68771-0036_1580-141084-0048,s1,coarse_to_fine,1,inf
2830-3980-0055_6829-68771-0036_1580-141084-0048,s1,coarse_to_fine,2,8.161032315422561
2830-3980-0055_6829-68771-0036_1580-141084-0048,s1,coarse_to_fine,3,4.334122299830053
2830-3980-0055_6829-68771-0036_1580-141084-0048,s2,coarse_to_fine,1,inf
2830-3980-0055_6829-68771-0036_1580-141084-0048,s2,coarse_to_fine,2,nan
2830-3980-0055_6829-68771-0036_1580-141084-0048,s2,coarse_to_fine,3,-2.97223591525327
2830-3980-0055_6829-68771-0036_1580-141084-0048,s3,coarse_to_fine,1,37.61468764670772
2830-3980-0055_6829-68771-0036_1580-141084-0048,s3,coarse_to_fine,2,6.305776301823994
2830-3980-0055_6829-68771-0036_1580-141084-0048,s3,coarse_to_fine,3,1.5802724817564875
260-123440-0014_2830-3980-0051_7176-88083-0023,s1,no_recursion,1,inf
260-123440-0014_2830-3980-0051_7176-88083-0023,s1,no_recursion,2,nan
260-123440-0014_2830-3980-0051_7176-88083-0023,s1,no_recursion,3,4.249492557998123
260-123440-0014_2830-3980-0051_7176-88083-0023,s2,no_recursion,1,inf
260-123440-0014_2830-3980-0051_7176-88083-0023,s2,no_recursion,2,4.938138184683582
260-123440-0014_2830-3980-0051_7176-88083-0023,s2,no_recursion,3,-8.935568934607048
260-123440-0014_2830-3980-0051_7176-88083-0023,s3,no_recursion,1,34.8925535143314
260-123440-0014_2830-3980-0051_7176-88083-0023,s3,no_recursion,2,3.630090235125892
260-123440-0014_2830-3980-0051_7176-88083-0023,s3,no_recursion,3,1.4466925569048337
260-123440-0014_2830-3980-0051_7176-88083-0023,s1,ungated_deflation,1,inf
260-123440-0014_2830-3980-0051_7176-88083-0023,s1,ungated_deflation,2,nan
260-123440-0014_2830-3980-0051_7176-88083-0023,s1,ungated_deflation,3,4.249492557998123
260-123440-0014_2830-3980-0051_7176-88083-0023,s2,ungated_deflation,1,inf
260-123440-0014_2830-3980-0051_7176-88083-0023,s2,ungated_deflation,2,6.695349176107347
260-123440-0014_2830-3980-0051_7176-88083-0023,s2,ungated_deflation,3,-13.018532275236138
260-123440-0014_2830-3980-0051_7176-88083-0023,s3,ungated_deflation,1,23.199995821936202
260-123440-0014_2830-3980-0051_7176-88083-0023,s3,ungated_deflation,2,-8.86201089257301
260-123440-0014_2830-3980-0051_7176-88083-0023,s3,ungated_deflation,3,-7.0759982732528135
260-123440-0014_2830-3980-0051_7176-88083-0023,s1,gated_deflation,1,inf
260-123440-0014_2830-3980-0051_7176-88083-0023,s1,gated_deflation,2,nan
260-123440-0014_2830-3980-0051_7176-88083-0023,s1,gated_deflation,3,4.249492557998123
260-123440-0014_2830-3980-0051_7176-88083-0023,s2,gated_deflation,1,inf
260-123440-0014_2830-3980-0051_7176-88083-0023,s2,gated_deflation,2,4.938138184683582
260-123440-0014_2830-3980-0051_7176-88083-0023,s2,gated_deflation,3,-8.935568934607048
260-123440-0014_2830-3980-0051_7176-88083-0023,s3,gated_deflation,1,21.0719875437223
260-123440-0014_2830-3980-0051_7176-88083-0023,s3,gated_deflation,2,-7.597296602654396
260-123440-0014_2830-3980-0051_7176-88083-0023,s3,gated_deflation,3,-6.859085057685962
260-123440-0014_2830-3980-0051_7176-88083-0023,s1,coarse_to_fine,1,inf
260-123440-0014_2830-3980-0051_7176-88083-0023,s1,coarse_to_fine,2,nan
260-123440-0014_2830-3980-0051_7176-88083-0023,s1,coarse_to_fine,3,0.5382022213378911
260-123440-0014_2830-3980-0051_7176-88083-0023,s2,coarse_to_fine,1,inf
260-123440-0014_2830-3980-0051_7176-88083-0023,s2,coarse_to_fine,2,4.68248383102365
260-123440-0014_2830-3980-0051_7176-88083-0023,s2,coarse_to_fine,3,-9.327120073701648
260-123440-0014_2830-3980-0051_7176-88083-0023,s3,coarse_to_fine,1,38.523950575798224
260-123440-0014_2830-3980-0051_7176-88083-0023,s3,coarse_to_fine,2,5.569462015864026
260-123440-0014_2830-3980-0051_7176-88083-0023,s3,coarse_to_fine,3,1.2323620992825792
1284-1180-0010_5683-32865-0009_6930-81414-0012,s1,no_recursion,1,inf
1284-1180-0010_5683-32865-0009_6930-81414-0012,s1,no_recursion,2,0.12353910931641142
1284-1180-0010_5683-32865-0009_6930-81414-0012,s1,no_recursion,3,-0.04738620310645281
1284-1180-0010_5683-32865-0009_6930-81414-0012,s2,no_recursion,1,44.138353747298666
1284-1180-0010_5683-32865-0009_6930-81414-0012,s2,no_recursion,2,5.964919666924918
1284-1180-0010_5683-32865-0009_6930-81414-0012,s2,no_recursion,3,6.458722479664099
1284-1180-0010_5683-32865-0009_6930-81414-0012,s3,no_recursion,1,34.72905273768977
1284-1180-0010_5683-32865-0009_6930-81414-0012,s3,no_recursion,2,nan
1284-1180-0010_5683-32865-0009_6930-81414-0012,s3,no_recursion,3,-8.625244103952936
1284-1180-0010_5683-32865-0009_6930-81414-0012,s1,ungated_deflation,1,inf
1284-1180-0010_5683-32865-0009_6930-81414-0012,s1,ungated_deflation,2,0.12353910931641142
1284-1180-0010_5683-32865-0009_6930-81414-0012,s1,ungated_deflation,3,-0.04738620310645281
1284-1180-0010_5683-32865-0009_6930-81414-0012,s2,ungated_deflation,1,43.3219460203324
1284-1180-0010_5683-32865-0009_6930-81414-0012,s2,ungated_deflation,2,-1.3180891759277262
1284-1180-0010_5683-32865-0009_6930-81414-0012,s2,ungated_deflation,3,-2.2547436327253876
1284-1180-0010_5683-32865-0009_6930-81414-0012,s3,ungated_deflation,1,32.34758217217448
1284-1180-0010_5683-32865-0009_6930-81414-0012,s3,ungated_deflation,2,nan
1284-1180-0010_5683-32865-0009_6930-81414-0012,s3,ungated_deflation,3,-5.18163680070753
1284-1180-0010_5683-32865-0009_6930-81414-0012,s1,gated_deflation,1,inf
1284-1180-0010_5683-32865-0009_6930-81414-0012,s1,gated_deflation,2,0.12353910931641142
1284-1180-0010_5683-32865-0009_6930-81414-0012,s1,gated_deflation,3,-0.04738620310645281
1284-1180-0010_5683-32865-0009_6930-81414-0012,s2,gated_deflation,1,43.3219460203324
1284-1180-0010_5683-32865-0009_6930-81414-0012,s2,gated_deflation,2,-1.3180891759277262
1284-1180-0010_5683-32865-0009_6930-81414-0012,s2,gated_deflation,3,-2.2547436327253876
1284-1180-0010_5683-32865-0009_6930-81414-0012,s3,gated_deflation,1,32.34758217217448
1284-1180-0010_5683-32865-0009_6930-81414-0012,s3,gated_deflation,2,nan
1284-1180-0010_5683-32865-0009_6930-81414-0012,s3,gated_deflation,3,-5.18163680070753
1284-1180-0010_5683-32865-0009_6930-81414-0012,s1,coarse_to_fine,1,inf
1284-1180-0010_5683-32865-0009_6930-81414-0012,s1,coarse_to_fine,2,0.5231778374095023
1284-1180-0010_5683-32865-0009_6930-81414-0012,s1,coarse_to_fine,3,0.4762115409064393
1284-1180-0010_5683-32865-0009_6930-81414-0012,s2,coarse_to_fine,1,43.2970179058714
1284-1180-0010_5683-32865-0009_6930-81414-0012,s2,coarse_to_fine,2,4.923239716899067
1284-1180-0010_5683-32865-0009_6930-81414-0012,s2,coarse_to_fine,3,5.0877483454294
1284-1180-0010_5683-32865-0009_6930-81414-0012,s3,coarse_to_fine,1,34.733013990328956
1284-1180-0010_5683-32865-0009_6930-81414-0012,s3,coarse_to_fine,2,nan
1284-1180-0010_5683-32865-0009_6930-81414-0012,s3,coarse_to_fine,3,-13.844584758233768
6829-68771-0030_1089-134691-0008_1995-1836-0003,s1,no_recursion,1,inf
6829-68771-0030_1089-134691-0008_1995-1836-0003,s1,no_recursion,2,nan
6829-68771-0030_1089-134691-0008_1995-1836-0003,s1,no_recursion,3,-3.4295535389437393
6829-68771-0030_1089-134691-0008_1995-1836-0003,s2,no_recursion,1,35.03365072308948
6829-68771-0030_1089-134691-0008_1995-1836-0003,s2,no_recursion,2,7.514797428642809
6829-68771-0030_1089-134691-0008_1995-1836-0003,s2,no_recursion,3,0.7493855900476796
6829-68771-0030_1089-134691-0008_1995-1836-0003,s3,no_recursion,1,31.47775983487527
6829-68771-0030_1089-134691-0008_1995-1836-0003,s3,no_recursion,2,3.6074506042702836
6829-68771-0030_1089-134691-0008_1995-1836-0003,s3,no_recursion,3,3.3627341844868757
6829-68771-0030_1089-134691-0008_1995-1836-0003,s1,ungated_deflation,1,inf
6829-68771-0030_1089-134691-0008_1995-1836-0003,s1,ungated_deflation,2,nan
6829-68771-0030_1089-134691-0008_1995-1836-0003,s1,ungated_deflation,3,-3.4295535389437393
6829-68771-0030_1089-134691-0008_1995-1836-0003,s2,ungated_deflation,1,38.632359279339084
6829-68771-0030_1089-134691-0008_1995-1836-0003,s2,ungated_deflation,2,-1.8161426022079277
6829-68771-0030_1089-134691-0008_1995-1836-0003,s2,ungated_deflation,3,-11.495755946536255
6829-68771-0030_1089-134691-0008_1995-1836-0003,s3,ungated_deflation,1,28.681666139131295
6829-68771-0030_1089-134691-0008_1995-1836-0003,s3,ungated_deflation,2,8.239091483859644
6829-68771-0030_1089-134691-0008_1995-1836-0003,s3,ungated_deflation,3,-3.964371970605565
6829-68771-0030_1089-134691-0008_1995-1836-0003,s1,gated_deflation,1,inf
6829-68771-0030_1089-134691-0008_1995-1836-0003,s1,gated_deflation,2,nan
6829-68771-0030_1089-134691-0008_1995-1836-0003,s1,gated_deflation,3,-3.4295535389437393
6829-68771-0030_1089-134691-0008_1995-1836-0003,s2,gated_deflation,1,38.632359279339084
6829-68771-0030_1089-134691-0008_1995-1836-0003,s2,gated_deflation,2,-1.8161426022079277
6829-68771-0030_1089-134691-0008_1995-1836-0003,s2,gated_deflation,3,-11.495755946536255
6829-68771-0030_1089-134691-0008_1995-1836-0003,s3,gated_deflation,1,28.681666139131295
6829-68771-0030_1089-134691-0008_1995-1836-0003,s3,gated_deflation,2,8.239091483859644
6829-68771-0030_1089-134691-0008_1995-1836-0003,s3,gated_deflation,3,-3.964371970605565
6829-68771-0030_1089-134691-0008_1995-1836-0003,s1,coarse_to_fine,1,inf
6829-68771-0030_1089-134691-0008_1995-1836-0003,s1,coarse_to_fine,2,nan
6829-68771-0030_1089-134691-0008_1995-1836-0003,s1,coarse_to_fine,3,-8.523795315166067
6829-68771-0030_1089-134691-0008_1995-1836-0003,s2,coarse_to_fine,1,36.103101620523425
6829-68771-0030_1089-134691-0008_1995-1836-0003,s2,coarse_to_fine,2,0.13098842276939562
6829-68771-0030_1089-134691-0008_1995-1836-0003,s2,coarse_to_fine,3,-5.1207192426989625
6829-68771-0030_1089-134691-0008_1995-1836-0003,s3,coarse_to_fine,1,29.039344366676183
6829-68771-0030_1089-134691-0008_1995-1836-0003,s3,coarse_to_fine,2,4.195535858884178
6829-68771-0030_1089-134691-0008_1995-1836-0003,s3,coarse_to_fine,3,4.335178181224497
5105-28241-0004_2830-3980-0066_237-134500-0002,s1,no_recursion,1,51.83292426963811
5105-28241-0004_2830-3980-0066_237-134500-0002,s1,no_recursion,2,4.896136771832947
5105-28241-0004_2830-3980-0066_237-134500-0002,s1,no_recursion,3,-5.4426284505064935
5105-28241-0004_2830-3980-0066_237-134500-0002,s2,no_recursion,1,inf
5105-28241-0004_2830-3980-0066_237-134500-0002,s2,no_recursion,2,1.8978911177414872
5105-28241-0004_2830-3980-0066_237-134500-0002,s2,no_recursion,3,4.03586651932235
5105-28241-0004_2830-3980-0066_237-134500-0002,s3,no_recursion,1,32.61743624231328
5105-28241-0004_2830-3980-0066_237-134500-0002,s3,no_recursion,2,nan
5105-28241-0004_2830-3980-0066_237-134500-0002,s3,no_recursion,3,2.1115642524637623
5105-28241-0004_2830-3980-0066_237-134500-0002,s1,ungated_deflation,1,44.286221288908365
5105-28241-0004_2830-3980-0066_237-134500-0002,s1,ungated_deflation,2,1.2296973653112622
5105-28241-0004_2830-3980-0066_237-134500-0002,s1,ungated_deflation,3,-9.606252532285628
5105-28241-0004_2830-3980-0066_237-134500-0002,s2,ungated_deflation,1,inf
5105-28241-0004_2830-3980-0066_237-134500-0002,s2,ungated_deflation,2,1.8978911177414872
5105-28241-0004_2830-3980-0066_237-134500-0002,s2,ungated_deflation,3,4.03586651932235
5105-28241-0004_2830-3980-0066_237-134500-0002,s3,ungated_deflation,1,29.51569540005311
5105-28241-0004_2830-3980-0066_237-134500-0002,s3,ungated_deflation,2,nan
5105-28241-0004_2830-3980-0066_237-134500-0002,s3,ungated_deflation,3,-2.996521381267854
5105-28241-0004_2830-3980-0066_237-134500-0002,s1,gated_deflation,1,41.322018464732615
5105-28241-0004_2830-3980-0066_237-134500-0002,s1,gated_deflation,2,-2.9182564189066063
5105-28241-0004_2830-3980-0066_237-134500-0002,s1,gated_deflation,3,-9.518417036021788
5105-28241-0004_2830-3980-0066_237-134500-0002,s2,gated_deflation,1,inf
5105-28241-0004_2830-3980-0066_237-134500-0002,s2,gated_deflation,2,1.8978911177414872
5105-28241-0004_2830-3980-0066_237-134500-0002,s2,gated_deflation,3,4.03586651932235
5105-28241-0004_2830-3980-0066_237-134500-0002,s3,gated_deflation,1,29.51569540005311
5105-28241-0004_2830-3980-0066_237-134500-0002,s3,gated_deflation,2,nan
5105-28241-0004_2830-3980-0066_237-134500-0002,s3,gated_deflation,3,-2.996521381267854
5105-28241-0004_2830-3980-0066_237-134500-0002,s1,coarse_to_fine,1,50.387679695953445
5105-28241-0004_2830-3980-0066_237-134500-0002,s1,coarse_to_fine,2,5.90362161906657
5105-28241-0004_2830-3980-0066_237-134500-0002,s1,coarse_to_fine,3,-3.4113204861522135
5105-28241-0004_2830-3980-0066_237-134500-0002,s2,coarse_to_fine,1,inf
5105-28241-0004_2830-3980-0066_237-134500-0002,s2,coarse_to_fine,2,7.100371167939867
5105-28241-0004_2830-3980-0066_237-134500-0002,s2,coarse_to_fine,3,4.261952611793681
5105-28241-0004_2830-3980-0066_237-134500-0002,s3,coarse_to_fine,1,30.465550530063904
5105-28241-0004_2830-3980-0066_237-134500-0002,s3,coarse_to_fine,2,nan
5105-28241-0004_2830-3980-0066_237-134500-0002,s3,coarse_to_fine,3,1.4444416985277717
260-123288-0001_1089-134686-0026_4992-41806-0013,s1,no_recursion,1,inf
260-123288-0001_1089-134686-0026_4992-41806-0013,s1,no_recursion,2,0.6916304477350264
260-123288-0001_1089-134686-0026_4992-41806-0013,s1,no_recursion,3,-8.385830056980454
260-123288-0001_1089-134686-0026_4992-41806-0013,s2,no_recursion,1,inf
260-123288-0001_1089-134686-0026_4992-41806-0013,s2,no_recursion,2,nan
260-123288-0001_1089-134686-0026_4992-41806-0013,s2,no_recursion,3,2.876502630042242
260-123288-0001_1089-134686-0026_4992-41806-0013,s3,no_recursion,1,33.7340858549838
260-123288-0001_1089-134686-0026_4992-41806-0013,s3,no_recursion,2,10.554995597075084
260-123288-0001_1089-134686-0026_4992-41806-0013,s3,no_recursion,3,5.468986528839551
260-123288-0001_1089-134686-0026_4992-41806-0013,s1,ungated_deflation,1,inf
260-123288-0001_1089-134686-0026_4992-41806-0013,s1,ungated_deflation,2,0.6916304477350264
260-123288-0001_1089-134686-0026_4992-41806-0013,s1,ungated_deflation,3,-8.385830056980454
260-123288-0001_1089-134686-0026_4992-41806-0013,s2,ungated_deflation,1,inf
260-123288-0001_1089-134686-0026_4992-41806-0013,s2,ungated_deflation,2,nan
260-123288-0001_1089-134686-0026_4992-41806-0013,s2,ungated_deflation,3,2.966277086279541
260-123288-0001_1089-134686-0026_4992-41806-0013,s3,ungated_deflation,1,28.596068944616945
260-123288-0001_1089-134686-0026_4992-41806-0013,s3,ungated_deflation,2,-6.408074083567779
260-123288-0001_1089-134686-0026_4992-41806-0013,s3,ungated_deflation,3,-12.23812730197217
260-123288-0001_1089-134686-0026_4992-41806-0013,s1,gated_deflation,1,inf
260-123288-0001_1089-134686-0026_4992-41806-0013,s1,gated_deflation,2,0.6916304477350264
260-123288-0001_1089-134686-0026_4992-41806-0013,s1,gated_deflation,3,-8.385830056980454
260-123288-0001_1089-134686-0026_4992-41806-0013,s2,gated_deflation,1,inf
260-123288-0001_1089-134686-0026_4992-41806-0013,s2,gated_deflation,2,nan
260-123288-0001_1089-134686-0026_4992-41806-0013,s2,gated_deflation,3,2.876502630042242
260-123288-0001_1089-134686-0026_4992-41806-0013,s3,gated_deflation,1,35.210713323207884
260-123288-0001_1089-134686-0026_4992-41806-0013,s3,gated_deflation,2,9.982740226051078
260-123288-0001_1089-134686-0026_4992-41806-0013,s3,gated_deflation,3,-2.5728765662850144
260-123288-0001_1089-134686-0026_4992-41806-0013,s1,coarse_to_fine,1,inf
260-123288-0001_1089-134686-0026_4992-41806-0013,s1,coarse_to_fine,2,-3.0764063471540295
260-123288-0001_1089-134686-0026_4992-41806-0013,s1,coarse_to_fine,3,-10.065268907537552
260-123288-0001_1089-134686-0026_4992-41806-0013,s2,coarse_to_fine,1,inf
260-123288-0001_1089-134686-0026_4992-41806-0013,s2,coarse_to_fine,2,nan
260-123288-0001_1089-134686-0026_4992-41806-0013,s2,coarse_to_fine,3,2.4773476578744265
260-123288-0001_1089-134686-0026_4992-41806-0013,s3,coarse_to_fine,1,33.58453915605832
260-123288-0001_1089-134686-0026_4992-41806-0013,s3,coarse_to_fine,2,11.494722736227956
260-123288-0001_1089-134686-0026_4992-41806-0013,s3,coarse_to_fine,3,5.6801975560452656
1580-141084-0010_3575-170457-0032_1221-135767-0017,s1,no_recursion,1,inf
1580-141084-0010_3575-170457-0032_1221-135767-0017,s1,no_recursion,2,0.9044072980652698
1580-141084-0010_3575-170457-0032_1221-135767-0017,s1,no_recursion,3,-1.1741699769611265
1580-141084-0010_3575-170457-0032_1221-135767-0017,s2,no_recursion,1,inf
1580-141084-0010_3575-170457-0032_1221-135767-0017,s2,no_recursion,2,nan
1580-141084-0010_3575-170457-0032_1221-135767-0017,s2,no_recursion,3,-4.194568912559846
1580-141084-0010_3575-170457-0032_1221-135767-0017,s3,no_recursion,1,38.37972167744744
1580-141084-0010_3575-170457-0032_1221-135767-0017,s3,no_recursion,2,11.78550113787989
1580-141084-0010_3575-170457-0032_1221-135767-0017,s3,no_recursion,3,0.7917588807946183
1580-141084-0010_3575-170457-0032_1221-135767-0017,s1,ungated_deflation,1,inf
1580-141084-0010_3575-170457-0032_1221-135767-0017,s1,ungated_deflation,2,0.9044072980652698
1580-141084-0010_3575-170457-0032_1221-135767-0017,s1,ungated_deflation,3,-1.1741699769611265
1580-141084-0010_3575-170457-0032_1221-135767-0017,s2,ungated_deflation,1,inf
1580-141084-0010_3575-170457-0032_1221-135767-0017,s2,ungated_deflation,2,nan
1580-141084-0010_3575-170457-0032_1221-135767-0017,s2,ungated_deflation,3,-7.202496694708659
1580-141084-0010_3575-170457-0032_1221-135767-0017,s3,ungated_deflation,1,11.285052157756091
1580-141084-0010_3575-170457-0032_1221-135767-0017,s3,ungated_deflation,2,-2.570435885451834
1580-141084-0010_3575-170457-0032_1221-135767-0017,s3,ungated_deflation,3,-28.96075223580312
1580-141084-0010_3575-170457-0032_1221-135767-0017,s1,gated_deflation,1,inf
1580-141084-0010_3575-170457-0032_1221-135767-0017,s1,gated_deflation,2,0.9044072980652698
1580-141084-0010_3575-170457-0032_1221-135767-0017,s1,gated_deflation,3,-1.1741699769611265
1580-141084-0010_3575-170457-0032_1221-135767-0017,s2,gated_deflation,1,inf
1580-141084-0010_3575-170457-0032_1221-135767-0017,s2,gated_deflation,2,nan
1580-141084-0010_3575-170457-0032_1221-135767-0017,s2,gated_deflation,3,-4.194568912559846
1580-141084-0010_3575-170457-0032_1221-135767-0017,s3,gated_deflation,1,38.37972167744744
1580-141084-0010_3575-170457-0032_1221-135767-0017,s3,gated_deflation,2,11.78550113787989
1580-141084-0010_3575-170457-0032_1221-135767-0017,s3,gated_deflation,3,0.7917588807946183
1580-141084-0010_3575-170457-0032_1221-135767-0017,s1,coarse_to_fine,1,inf
1580-141084-0010_3575-170457-0032_1221-135767-0017,s1,coarse_to_fine,2,1.056519857465459
1580-141084-0010_3575-170457-0032_1221-135767-0017,s1,coarse_to_fine,3,-1.8214876198344205
1580-141084-0010_3575-170457-0032_1221-135767-0017,s2,coarse_to_fine,1,inf
1580-141084-0010_3575-170457-0032_1221-135767-0017,s2,coarse_to_fine,2,nan
1580-141084-0010_3575-170457-0032_1221-135767-0017,s2,coarse_to_fine,3,-3.789924780356767
1580-141084-0010_3575-170457-0032_1221-135767-0017,s3,coarse_to_fine,1,37.613991833240426
1580-141084-0010_3575-170457-0032_1221-135767-0017,s3,coarse_to_fine,2,8.260848647033429
1580-141084-0010_3575-170457-0032_1221-135767-0017,s3,coarse_to_fine,3,0.8327348213685516
1580-141083-0008_61-70970-0003_4507-16021-0008,s1,no_recursion,1,59.217540568508525
1580-141083-0008_61-70970-0003_4507-16021-0008,s1,no_recursion,2,24.343609900459366
1580-141083-0008_61-70970-0003_4507-16021-0008,s1,no_recursion,3,1.8974134746216502
1580-141083-0008_61-70970-0003_4507-16021-0008,s2,no_recursion,1,inf
1580-141083-0008_61-70970-0003_4507-16021-0008,s2,no_recursion,2,-7.756188977565964
1580-141083-0008_61-70970-0003_4507-16021-0008,s2,no_recursion,3,-5.238521991728953
1580-141083-0008_61-70970-0003_4507-16021-0008,s3,no_recursion,1,31.98245799289476
1580-141083-0008_61-70970-0003_4507-16021-0008,s3,no_recursion,2,nan
1580-141083-0008_61-70970-0003_4507-16021-0008,s3,no_recursion,3,-0.13266666439020175
1580-141083-0008_61-70970-0003_4507-16021-0008,s1,ungated_deflation,1,59.217540568508525
1580-141083-0008_61-70970-0003_4507-16021-0008,s1,ungated_deflation,2,24.343609900459366
1580-141083-0008_61-70970-0003_4507-16021-0008,s1,ungated_deflation,3,1.8974134746216502
1580-141083-0008_61-70970-0003_4507-16021-0008,s2,ungated_deflation,1,inf
1580-141083-0008_61-70970-0003_4507-16021-0008,s2,ungated_deflation,2,-16.308061879527607
1580-141083-0008_61-70970-0003_4507-16021-0008,s2,ungated_deflation,3,-9.645777344102322
1580-141083-0008_61-70970-0003_4507-16021-0008,s3,ungated_deflation,1,30.86597273270219
1580-141083-0008_61-70970-0003_4507-16021-0008,s3,ungated_deflation,2,nan
1580-141083-0008_61-70970-0003_4507-16021-0008,s3,ungated_deflation,3,-35.52864225923837
1580-141083-0008_61-70970-0003_4507-16021-0008,s1,gated_deflation,1,59.217540568508525
1580-141083-0008_61-70970-0003_4507-16021-0008,s1,gated_deflation,2,24.343609900459366
1580-141083-0008_61-70970-0003_4507-16021-0008,s1,gated_deflation,3,1.8974134746216502
1580-141083-0008_61-70970-0003_4507-16021-0008,s2,gated_deflation,1,inf
1580-141083-0008_61-70970-0003_4507-16021-0008,s2,gated_deflation,2,-16.308061879527607
1580-141083-0008_61-70970-0003_4507-16021-0008,s2,gated_deflation,3,-9.645777344102322
1580-141083-0008_61-70970-0003_4507-16021-0008,s3,gated_deflation,1,30.86597273270219
1580-141083-0008_61-70970-0003_4507-16021-0008,s3,gated_deflation,2,nan
1580-141083-0008_61-70970-0003_4507-16021-0008,s3,gated_deflation,3,-35.52864225923837
1580-141083-0008_61-70970-0003_4507-16021-0008,s1,coarse_to_fine,1,58.78761573195901
1580-141083-0008_61-70970-0003_4507-16021-0008,s1,coarse_to_fine,2,25.519545073019824
1580-141083-0008_61-70970-0003_4507-16021-0008,s1,coarse_to_fine,3,0.29852746781981754
1580-141083-0008_61-70970-0003_4507-16021-0008,s2,coarse_to_fine,1,inf
1580-141083-0008_61-70970-0003_4507-16021-0008,s2,coarse_to_fine,2,-6.629538821684305
1580-141083-0008_61-70970-0003_4507-16021-0008,s2,coarse_to_fine,3,-5.41881735903158
1580-141083-0008_61-70970-0003_4507-16021-0008,s3,coarse_to_fine,1,31.30894511296754
1580-141083-0008_61-70970-0003_4507-16021-0008,s3,coarse_to_fine,2,nan
1580-141083-0008_61-70970-0003_4507-16021-0008,s3,coarse_to_fine,3,-0.20063355516784037
2300-131720-0026_7729-102255-0021_1089-134691-0021,s1,no_recursion,1,73.5395265806682
2300-131720-0026_7729-102255-0021_1089-134691-0021,s1,no_recursion,2,2.955916915252822
2300-131720-0026_7729-102255-0021_1089-134691-0021,s1,no_recursion,3,0.43213957838606
2300-131720-0026_7729-102255-0021_1089-134691-0021,s2,no_recursion,1,inf
2300-131720-0026_7729-102255-0021_1089-134691-0021,s2,no_recursion,2,nan
2300-131720-0026_7729-102255-0021_1089-134691-0021,s2,no_recursion,3,-6.982642342390477
2300-131720-0026_7729-102255-0021_1089-134691-0021,s3,no_recursion,1,38.15697210364326
2300-131720-0026_7729-102255-0021_1089-134691-0021,s3,no_recursion,2,1.3836773856940254
2300-131720-0026_7729-102255-0021_1089-134691-0021,s3,no_recursion,3,1.1710426221071333
2300-131720-0026_7729-102255-0021_1089-134691-0021,s1,ungated_deflation,1,59.09563867715634
2300-131720-0026_7729-102255-0021_1089-134691-0021,s1,ungated_deflation,2,-0.9043128982009158
2300-131720-0026_7729-102255-0021_1089-134691-0021,s1,ungated_deflation,3,-4.249224681215282
2300-131720-0026_7729-102255-0021_1089-134691-0021,s2,ungated_deflation,1,inf
2300-131720-0026_7729-102255-0021_1089-134691-0021,s2,ungated_deflation,2,nan
2300-131720-0026_7729-102255-0021_1089-134691-0021,s2,ungated_deflation,3,-6.982642342390477
2300-131720-0026_7729-102255-0021_1089-134691-0021,s3,ungated_deflation,1,21.675483151571008
2300-131720-0026_7729-102255-0021_1089-134691-0021,s3,ungated_deflation,2,0.5276150227801802
2300-131720-0026_7729-102255-0021_1089-134691-0021,s3,ungated_deflation,3,-6.072338182526647
2300-131720-0026_7729-102255-0021_1089-134691-0021,s1,gated_deflation,1,76.32191919107332
2300-131720-0026_7729-102255-0021_1089-134691-0021,s1,gated_deflation,2,0.9590345682690615
2300-131720-0026_7729-102255-0021_1089-134691-0021,s1,gated_deflation,3,-3.527660818613361
2300-131720-0026_7729-102255-0021_1089-134691-0021,s2,gated_deflation,1,inf
2300-131720-0026_7729-102255-0021_1089-134691-0021,s2,gated_deflation,2,nan
2300-131720-0026_7729-102255-0021_1089-134691-0021,s2,gated_deflation,3,-6.982642342390477
2300-131720-0026_7729-102255-0021_1089-134691-0021,s3,gated_deflation,1,21.675483151571008
2300-131720-0026_7729-102255-0021_1089-134691-0021,s3,gated_deflation,2,0.5276150227801802
2300-131720-0026_7729-102255-0021_1089-134691-0021,s3,gated_deflation,3,-6.072338182526647
2300-131720-0026_7729-102255-0021_1089-134691-0021,s1,coarse_to_fine,1,73.51089020076672
2300-131720-0026_7729-102255-0021_1089-134691-0021,s1,coarse_to_fine,2,2.361846111883113
2300-131720-0026_7729-102255-0021_1089-134691-0021,s1,coarse_to_fine,3,1.2629156759153495
2300-131720-0026_7729-102255-0021_1089-134691-0021,s2,coarse_to_fine,1,inf
2300-131720-0026_7729-102255-0021_1089-134691-0021,s2,coarse_to_fine,2,nan
2300-131720-0026_7729-102255-0021_1089-134691-0021,s2,coarse_to_fine,3,-7.927612067672309
2300-131720-0026_7729-102255-0021_1089-134691-0021,s3,coarse_to_fine,1,37.721419666621706
2300-131720-0026_7729-102255-0021_1089-134691-0021,s3,coarse_to_fine,2,-1.1233572409781174
2300-131720-0026_7729-102255-0021_1089-134691-0021,s3,coarse_to_fine,3,-1.5173859226971675
8555-292519-0012_5142-33396-0015_1221-135766-0007,s1,no_recursion,1,inf
8555-292519-0012_5142-33396-0015_1221-135766-0007,s1,no_recursion,2,-6.138442436604045
8555-292519-0012_5142-33396-0015_1221-135766-0007,s1,no_recursion,3,-2.0282882896638563
8555-292519-0012_5142-33396-0015_1221-135766-0007,s2,no_recursion,1,inf
8555-292519-0012_5142-33396-0015_1221-135766-0007,s2,no_recursion,2,nan
8555-292519-0012_5142-33396-0015_1221-135766-0007,s2,no_recursion,3,-4.228460666833687
8555-292519-0012_5142-33396-0015_1221-135766-0007,s3,no_recursion,1,38.7937887297079
8555-292519-0012_5142-33396-0015_1221-135766-0007,s3,no_recursion,2,6.6882579242010785
8555-292519-0012_5142-33396-0015_1221-135766-0007,s3,no_recursion,3,0.04252976767441957
8555-292519-0012_5142-33396-0015_1221-135766-0007,s1,ungated_deflation,1,inf
8555-292519-0012_5142-33396-0015_1221-135766-0007,s1,ungated_deflation,2,-6.138442436604045
8555-292519-0012_5142-33396-0015_1221-135766-0007,s1,ungated_deflation,3,-2.0282882896638563
8555-292519-0012_5142-33396-0015_1221-135766-0007,s2,ungated_deflation,1,inf
8555-292519-0012_5142-33396-0015_1221-135766-0007,s2,ungated_deflation,2,nan
8555-292519-0012_5142-33396-0015_1221-135766-0007,s2,ungated_deflation,3,-11.575772536048392
8555-292519-0012_5142-33396-0015_1221-135766-0007,s3,ungated_deflation,1,29.645499035090637
8555-292519-0012_5142-33396-0015_1221-135766-0007,s3,ungated_deflation,2,1.3091125569969175
8555-292519-0012_5142-33396-0015_1221-135766-0007,s3,ungated_deflation,3,-5.790161936756552
8555-292519-0012_5142-33396-0015_1221-135766-0007,s1,gated_deflation,1,inf
8555-292519-0012_5142-33396-0015_1221-135766-0007,s1,gated_deflation,2,-6.138442436604045
8555-292519-0012_5142-33396-0015_1221-135766-0007,s1,gated_deflation,3,-2.0282882896638563
8555-292519-0012_5142-33396-0015_1221-135766-0007,s2,gated_deflation,1,inf
8555-292519-0012_5142-33396-0015_1221-135766-0007,s2,gated_deflation,2,nan
8555-292519-0012_5142-33396-0015_1221-135766-0007,s2,gated_deflation,3,-11.575772536048392
8555-292519-0012_5142-33396-0015_1221-135766-0007,s3,gated_deflation,1,29.645499035090637
8555-292519-0012_5142-33396-0015_1221-135766-0007,s3,gated_deflation,2,1.3091125569969175
8555-292519-0012_5142-33396-0015_1221-135766-0007,s3,gated_deflation,3,-5.790161936756552
8555-292519-0012_5142-33396-0015_1221-135766-0007,s1,coarse_to_fine,1,inf
8555-292519-0012_5142-33396-0015_1221-135766-0007,s1,coarse_to_fine,2,-3.491998349631247
8555-292519-0012_5142-33396-0015_1221-135766-0007,s1,coarse_to_fine,3,-2.1360060183649647
8555-292519-0012_5142-33396-0015_1221-135766-0007,s2,coarse_to_fine,1,inf
8555-292519-0012_5142-33396-0015_1221-135766-0007,s2,coarse_to_fine,2,nan
8555-292519-0012_5142-33396-0015_1221-135766-0007,s2,coarse_to_fine,3,-2.011896826272847
8555-292519-0012_5142-33396-0015_1221-135766-0007,s3,coarse_to_fine,1,38.38981888130018
8555-292519-0012_5142-33396-0015_1221-135766-0007,s3,coarse_to_fine,2,0.5508589835589095
8555-292519-0012_5142-33396-0015_1221-135766-0007,s3,coarse_to_fine,3,-0.32917017335809096
8463-287645-0014_6930-81414-0004_121-127105-0001,s1,no_recursion,1,inf
8463-287645-0014_6930-81414-0004_121-127105-0001,s1,no_recursion,2,nan
8463-287645-0014_6930-81414-0004_121-127105-0001,s1,no_recursion,3,6.351982558290218
8463-287645-0014_6930-81414-0004_121-127105-0001,s2,no_recursion,1,30.87308014958238
8463-287645-0014_6930-81414-0004_121-127105-0001,s2,no_recursion,2,-0.10862313469252799
8463-287645-0014_6930-81414-0004_121-127105-0001,s2,no_recursion,3,-5.719576403479699
8463-287645-0014_6930-81414-0004_121-127105-0001,s3,no_recursion,1,37.1445756563591
8463-287645-0014_6930-81414-0004_121-127105-0001,s3,no_recursion,2,9.992927117037876
8463-287645-0014_6930-81414-0004_121-127105-0001,s3,no_recursion,3,-5.78189126667283
8463-287645-0014_6930-81414-0004_121-127105-0001,s1,ungated_deflation,1,inf
8463-287645-0014_6930-81414-0004_121-127105-0001,s1,ungated_deflation,2,nan
8463-287645-0014_6930-81414-0004_121-127105-0001,s1,ungated_deflation,3,6.351982558290218
8463-287645-0014_6930-81414-0004_121-127105-0001,s2,ungated_deflation,1,31.958858171657752
8463-287645-0014_6930-81414-0004_121-127105-0001,s2,ungated_deflation,2,2.163985313240269
8463-287645-0014_6930-81414-0004_121-127105-0001,s2,ungated_deflation,3,-5.72389039887236
8463-287645-0014_6930-81414-0004_121-127105-0001,s3,ungated_deflation,1,37.24136343326818
8463-287645-0014_6930-81414-0004_121-127105-0001,s3,ungated_deflation,2,5.925918902216685
8463-287645-0014_6930-81414-0004_121-127105-0001,s3,ungated_deflation,3,-8.665437512394238
8463-287645-0014_6930-81414-0004_121-127105-0001,s1,gated_deflation,1,inf
8463-287645-0014_6930-81414-0004_121-127105-0001,s1,gated_deflation,2,nan
8463-287645-0014_6930-81414-0004_121-127105-0001,s1,gated_deflation,3,6.351982558290218
8463-287645-0014_6930-81414-0004_121-127105-0001,s2,gated_deflation,1,31.958858171657752
8463-287645-0014_6930-81414-0004_121-127105-0001,s2,gated_deflation,2,2.163985313240269
8463-287645-0014_6930-81414-0004_121-127105-0001,s2,gated_deflation,3,-5.72389039887236
8463-287645-0014_6930-81414-0004_121-127105-0001,s3,gated_deflation,1,37.24136343326818
8463-287645-0014_6930-81414-0004_121-127105-0001,s3,gated_deflation,2,5.925918902216685
8463-287645-0014_6930-81414-0004_121-127105-0001,s3,gated_deflation,3,-8.665437512394238
8463-287645-0014_6930-81414-0004_121-127105-0001,s1,coarse_to_fine,1,inf
8463-287645-0014_6930-81414-0004_121-127105-0001,s1,coarse_to_fine,2,nan
8463-287645-0014_6930-81414-0004_121-127105-0001,s1,coarse_to_fine,3,5.118659588922801
8463-287645-0014_6930-81414-0004_121-127105-0001,s2,coarse_to_fine,1,31.077563873577404
8463-287645-0014_6930-81414-0004_121-127105-0001,s2,coarse_to_fine,2,-6.854193729969289
8463-287645-0014_6930-81414-0004_121-127105-0001,s2,coarse_to_fine,3,-6.996678720449239
8463-287645-0014_6930-81414-0004_121-127105-0001,s3,coarse_to_fine,1,36.334648782890355
8463-287645-0014_6930-81414-0004_121-127105-0001,s3,coarse_to_fine,2,9.421931883241507
8463-287645-0014_6930-81414-0004_121-127105-0001,s3,coarse_to_fine,3,-2.446851117332784
8230-279154-0006_4446-2273-0007_1089-134691-0004,s1,no_recursion,1,57.917351350212805
8230-279154-0006_4446-2273-0007_1089-134691-0004,s1,no_recursion,2,5.93619095791972
8230-279154-0006_4446-2273-0007_1089-134691-0004,s1,no_recursion,3,1.2703034280671872
8230-279154-0006_4446-2273-0007_1089-134691-0004,s2,no_recursion,1,inf
8230-279154-0006_4446-2273-0007_1089-134691-0004,s2,no_recursion,2,nan
8230-279154-0006_4446-2273-0007_1089-134691-0004,s2,no_recursion,3,1.9930697946348674
8230-279154-0006_4446-2273-0007_1089-134691-0004,s3,no_recursion,1,41.52880539358489
8230-279154-0006_4446-2273-0007_1089-134691-0004,s3,no_recursion,2,-5.2504361982045715
8230-279154-0006_4446-2273-0007_1089-134691-0004,s3,no_recursion,3,-1.935897042262952
8230-279154-0006_4446-2273-0007_1089-134691-0004,s1,ungated_deflation,1,51.055071635678445
8230-279154-0006_4446-2273-0007_1089-134691-0004,s1,ungated_deflation,2,0.8852766013503477
8230-279154-0006_4446-2273-0007_1089-134691-0004,s1,ungated_deflation,3,-0.6910685226960382
8230-279154-0006_4446-2273-0007_1089-134691-0004,s2,ungated_deflation,1,inf
8230-279154-0006_4446-2273-0007_1089-134691-0004,s2,ungated_deflation,2,nan
8230-279154-0006_4446-2273-0007_1089-134691-0004,s2,ungated_deflation,3,1.9930697946348674
8230-279154-0006_4446-2273-0007_1089-134691-0004,s3,ungated_deflation,1,33.13836905616336
8230-279154-0006_4446-2273-0007_1089-134691-0004,s3,ungated_deflation,2,-3.9231305168147794
8230-279154-0006_4446-2273-0007_1089-134691-0004,s3,ungated_deflation,3,-5.352041349788238
8230-279154-0006_4446-2273-0007_1089-134691-0004,s1,gated_deflation,1,58.002112679124984
8230-279154-0006_4446-2273-0007_1089-134691-0004,s1,gated_deflation,2,6.544876455516613
8230-279154-0006_4446-2273-0007_1089-134691-0004,s1,gated_deflation,3,0.5357466329474774
8230-279154-0006_4446-2273-0007_1089-134691-0004,s2,gated_deflation,1,inf
8230-279154-0006_4446-2273-0007_1089-134691-0004,s2,gated_deflation,2,nan
8230-279154-0006_4446-2273-0007_1089-134691-0004,s2,gated_deflation,3,1.9930697946348674
8230-279154-0006_4446-2273-0007_1089-134691-0004,s3,gated_deflation,1,33.13836905616336
8230-279154-0006_4446-2273-0007_1089-134691-0004,s3,gated_deflation,2,-3.9231305168147794
8230-279154-0006_4446-2273-0007_1089-134691-0004,s3,gated_deflation,3,-5.352041349788238
8230-279154-0006_4446-2273-0007_1089-134691-0004,s1,coarse_to_fine,1,57.782769132861496
8230-279154-0006_4446-2273-0007_1089-134691-0004,s1,coarse_to_fine,2,5.987360122976756
8230-279154-0006_4446-2273-0007_1089-134691-0004,s1,coarse_to_fine,3,1.098321501308143
8230-279154-0006_4446-2273-0007_1089-134691-0004,s2,coarse_to_fine,1,inf
8230-279154-0006_4446-2273-0007_1089-134691-0004,s2,coarse_to_fine,2,nan
8230-279154-0006_4446-2273-0007_1089-134691-0004,s2,coarse_to_fine,3,0.84604918637812
8230-279154-0006_4446-2273-0007_1089-134691-0004,s3,coarse_to_fine,1,41.90625893487257
8230-279154-0006_4446-2273-0007_1089-134691-0004,s3,coarse_to_fine,2,-6.046860933828931
8230-279154-0006_4446-2273-0007_1089-134691-0004,s3,coarse_to_fine,3,-1.9432051567289441
8555-284449-0009_6930-81414-0006_908-157963-0014,s1,no_recursion,1,inf
8555-284449-0009_6930-81414-0006_908-157963-0014,s1,no_recursion,2,nan
8555-284449-0009_6930-81414-0006_908-157963-0014,s1,no_recursion,3,-2.4092694767163794
8555-284449-0009_6930-81414-0006_908-157963-0014,s2,no_recursion,1,45.10924910239418
8555-284449-0009_6930-81414-0006_908-157963-0014,s2,no_recursion,2,14.390997046391835
8555-284449-0009_6930-81414-0006_908-157963-0014,s2,no_recursion,3,4.9834284098139126
8555-284449-0009_6930-81414-0006_908-157963-0014,s3,no_recursion,1,34.96654345447145
8555-284449-0009_6930-81414-0006_908-157963-0014,s3,no_recursion,2,-4.4267123666178705
8555-284449-0009_6930-81414-0006_908-157963-0014,s3,no_recursion,3,10.545271275334109
8555-284449-0009_6930-81414-0006_908-157963-0014,s1,ungated_deflation,1,inf
8555-284449-0009_6930-81414-0006_908-157963-0014,s1,ungated_deflation,2,nan
8555-284449-0009_6930-81414-0006_908-157963-0014,s1,ungated_deflation,3,-2.4092694767163794
8555-284449-0009_6930-81414-0006_908-157963-0014,s2,ungated_deflation,1,41.31510413611452
8555-284449-0009_6930-81414-0006_908-157963-0014,s2,ungated_deflation,2,1.6414660800650773
8555-284449-0009_6930-81414-0006_908-157963-0014,s2,ungated_deflation,3,-2.9249067096498482
8555-284449-0009_6930-81414-0006_908-157963-0014,s3,ungated_deflation,1,32.81195625185825
8555-284449-0009_6930-81414-0006_908-157963-0014,s3,ungated_deflation,2,-5.944566122103334
8555-284449-0009_6930-81414-0006_908-157963-0014,s3,ungated_deflation,3,1.0041998521464368
8555-284449-0009_6930-81414-0006_908-157963-0014,s1,gated_deflation,1,inf
8555-284449-0009_6930-81414-0006_908-157963-0014,s1,gated_deflation,2,nan
8555-284449-0009_6930-81414-0006_908-157963-0014,s1,gated_deflation,3,-2.4092694767163794
8555-284449-0009_6930-81414-0006_908-157963-0014,s2,gated_deflation,1,41.31510413611452
8555-284449-0009_6930-81414-0006_908-157963-0014,s2,gated_deflation,2,1.6414660800650773
8555-284449-0009_6930-81414-0006_908-157963-0014,s2,gated_deflation,3,-2.9249067096498482
8555-284449-0009_6930-81414-0006_908-157963-0014,s3,gated_deflation,1,32.81195625185825
8555-284449-0009_6930-81414-0006_908-157963-0014,s3,gated_deflation,2,-5.944566122103334
8555-284449-0009_6930-81414-0006_908-157963-0014,s3,gated_deflation,3,1.0041998521464368
8555-284449-0009_6930-81414-0006_908-157963-0014,s1,coarse_to_fine,1,inf
8555-284449-0009_6930-81414-0006_908-157963-0014,s1,coarse_to_fine,2,nan
8555-284449-0009_6930-81414-0006_908-157963-0014,s1,coarse_to_fine,3,-1.7613919962873061
8555-284449-0009_6930-81414-0006_908-157963-0014,s2,coarse_to_fine,1,45.56817823003125
8555-284449-0009_6930-81414-0006_908-157963-0014,s2,coarse_to_fine,2,6.173395904188958
8555-284449-0009_6930-81414-0006_908-157963-0014,s2,coarse_to_fine,3,-6.889005978171648
8555-284449-0009_6930-81414-0006_908-157963-0014,s3,coarse_to_fine,1,34.91204752495462
8555-284449-0009_6930-81414-0006_908-157963-0014,s3,coarse_to_fine,2,-11.881204226848523
8555-284449-0009_6930-81414-0006_908-157963-0014,s3,coarse_to_fine,3,6.5814088871380685
4077-13751-0003_8455-210777-0058_61-70970-0030,s1,no_recursion,1,41.24701228519975
4077-13751-0003_8455-210777-0058_61-70970-0030,s1,no_recursion,2,-1.309227857099228
4077-13751-0003_8455-210777-0058_61-70970-0030,s1,no_recursion,3,-4.134622933126329
4077-13751-0003_8455-210777-0058_61-70970-0030,s2,no_recursion,1,inf
4077-13751-0003_8455-210777-0058_61-70970-0030,s2,no_recursion,2,0.546869890993829
4077-13751-0003_8455-210777-0058_61-70970-0030,s2,no_recursion,3,-1.8011749935625219
4077-13751-0003_8455-210777-0058_61-70970-0030,s3,no_recursion,1,29.397516608877893
4077-13751-0003_8455-210777-0058_61-70970-0030,s3,no_recursion,2,nan
4077-13751-0003_8455-210777-0058_61-70970-0030,s3,no_recursion,3,-1.2635002775073128
4077-13751-0003_8455-210777-0058_61-70970-0030,s1,ungated_deflation,1,25.610320873421504
4077-13751-0003_8455-210777-0058_61-70970-0030,s1,ungated_deflation,2,-3.7064226590903777
4077-13751-0003_8455-210777-0058_61-70970-0030,s1,ungated_deflation,3,-44.02840456270883
4077-13751-0003_8455-210777-0058_61-70970-0030,s2,ungated_deflation,1,inf
4077-13751-0003_8455-210777-0058_61-70970-0030,s2,ungated_deflation,2,0.546869890993829
4077-13751-0003_8455-210777-0058_61-70970-0030,s2,ungated_deflation,3,-1.8011749935625219
4077-13751-0003_8455-210777-0058_61-70970-0030,s3,ungated_deflation,1,23.034883188627123
4077-13751-0003_8455-210777-0058_61-70970-0030,s3,ungated_deflation,2,nan
4077-13751-0003_8455-210777-0058_61-70970-0030,s3,ungated_deflation,3,-4.896556184400625
4077-13751-0003_8455-210777-0058_61-70970-0030,s1,gated_deflation,1,41.24701228519975
4077-13751-0003_8455-210777-0058_61-70970-0030,s1,gated_deflation,2,-1.309227857099228
4077-13751-0003_8455-210777-0058_61-70970-0030,s1,gated_deflation,3,-4.134622933126329
4077-13751-0003_8455-210777-0058_61-70970-0030,s2,gated_deflation,1,inf
4077-13751-0003_8455-210777-0058_61-70970-0030,s2,gated_deflation,2,0.546869890993829
4077-13751-0003_8455-210777-0058_61-70970-0030,s2,gated_deflation,3,-1.8011749935625219
4077-13751-0003_8455-210777-0058_61-70970-0030,s3,gated_deflation,1,29.397516608877893
4077-13751-0003_8455-210777-0058_61-70970-0030,s3,gated_deflation,2,nan
4077-13751-0003_8455-210777-0058_61-70970-0030,s3,gated_deflation,3,-1.2635002775073128
4077-13751-0003_8455-210777-0058_61-70970-0030,s1,coarse_to_fine,1,38.54569196175392
4077-13751-0003_8455-210777-0058_61-70970-0030,s1,coarse_to_fine,2,-2.9518912081570763
4077-13751-0003_8455-210777-0058_61-70970-0030,s1,coarse_to_fine,3,-6.455420154862976
4077-13751-0003_8455-210777-0058_61-70970-0030,s2,coarse_to_fine,1,inf
4077-13751-0003_8455-210777-0058_61-70970-0030,s2,coarse_to_fine,2,0.8476893607727125
4077-13751-0003_8455-210777-0058_61-70970-0030,s2,coarse_to_fine,3,-2.092822184827672
4077-13751-0003_8455-210777-0058_61-70970-0030,s3,coarse_to_fine,1,28.150042344224012
4077-13751-0003_8455-210777-0058_61-70970-0030,s3,coarse_to_fine,2,nan
4077-13751-0003_8455-210777-0058_61-70970-0030,s3,coarse_to_fine,3,-2.1175793958881792
8463-294828-0001_61-70968-0013_7127-75947-0007,s1,no_recursion,1,42.838803167877195
8463-294828-0001_61-70968-0013_7127-75947-0007,s1,no_recursion,2,11.552149003997984
8463-294828-0001_61-70968-0013_7127-75947-0007,s1,no_recursion,3,-1.9147811582163494
8463-294828-0001_61-70968-0013_7127-75947-0007,s2,no_recursion,1,inf
8463-294828-0001_61-70968-0013_7127-75947-0007,s2,no_recursion,2,nan
8463-294828-0001_61-70968-0013_7127-75947-0007,s2,no_recursion,3,1.2756027943598525
8463-294828-0001_61-70968-0013_7127-75947-0007,s3,no_recursion,1,27.51245548479721
8463-294828-0001_61-70968-0013_7127-75947-0007,s3,no_recursion,2,-10.949716055928779
8463-294828-0001_61-70968-0013_7127-75947-0007,s3,no_recursion,3,-1.2151404645243504
8463-294828-0001_61-70968-0013_7127-75947-0007,s1,ungated_deflation,1,36.72566167907335
8463-294828-0001_61-70968-0013_7127-75947-0007,s1,ungated_deflation,2,-2.4685314035783006
8463-294828-0001_61-70968-0013_7127-75947-0007,s1,ungated_deflation,3,-12.632825028542221
8463-294828-0001_61-70968-0013_7127-75947-0007,s2,ungated_deflation,1,inf
8463-294828-0001_61-70968-0013_7127-75947-0007,s2,ungated_deflation,2,nan
8463-294828-0001_61-70968-0013_7127-75947-0007,s2,ungated_deflation,3,1.2756027943598525
8463-294828-0001_61-70968-0013_7127-75947-0007,s3,ungated_deflation,1,26.309338069436578
8463-294828-0001_61-70968-0013_7127-75947-0007,s3,ungated_deflation,2,-10.784736342956375
8463-294828-0001_61-70968-0013_7127-75947-0007,s3,ungated_deflation,3,-7.02742824094897
8463-294828-0001_61-70968-0013_7127-75947-0007,s1,gated_deflation,1,36.72566167907335
8463-294828-0001_61-70968-0013_7127-75947-0007,s1,gated_deflation,2,-2.4685314035783006
8463-294828-0001_61-70968-0013_7127-75947-0007,s1,gated_deflation,3,-12.632825028542221
8463-294828-0001_61-70968-0013_7127-75947-0007,s2,gated_deflation,1,inf
8463-294828-0001_61-70968-0013_7127-75947-0007,s2,gated_deflation,2,nan
8463-294828-0001_61-70968-0013_7127-75947-0007,s2,gated_deflation,3,1.2756027943598525
8463-294828-0001_61-70968-0013_7127-75947-0007,s3,gated_deflation,1,26.309338069436578
8463-294828-0001_61-70968-0013_7127-75947-0007,s3,gated_deflation,2,-10.784736342956375
8463-294828-0001_61-70968-0013_7127-75947-0007,s3,gated_deflation,3,-7.02742824094897
8463-294828-0001_61-70968-0013_7127-75947-0007,s1,coarse_to_fine,1,42.80516270383981
8463-294828-0001_61-70968-0013_7127-75947-0007,s1,coarse_to_fine,2,11.59228056767769
8463-294828-0001_61-70968-0013_7127-75947-0007,s1,coarse_to_fine,3,-1.7593765029396358
8463-294828-0001_61-70968-0013_7127-75947-0007,s2,coarse_to_fine,1,inf
8463-294828-0001_61-70968-0013_7127-75947-0007,s2,coarse_to_fine,2,nan
8463-294828-0001_61-70968-0013_7127-75947-0007,s2,coarse_to_fine,3,1.3771385751975438
8463-294828-0001_61-70968-0013_7127-75947-0007,s3,coarse_to_fine,1,27.481073889756182
8463-294828-0001_61-70968-0013_7127-75947-0007,s3,coarse_to_fine,2,-11.039777704803836
8463-294828-0001_61-70968-0013_7127-75947-0007,s3,coarse_to_fine,3,-1.164629729295461
4992-41797-0020_61-70968-0026_2830-3980-0031,s1,no_recursion,1,inf
4992-41797-0020_61-70968-0026_2830-3980-0031,s1,no_recursion,2,8.45048107224516
4992-41797-0020_61-70968-0026_2830-3980-0031,s1,no_recursion,3,6.0816473831678035
4992-41797-0020_61-70968-0026_2830-3980-0031,s2,no_recursion,1,inf
4992-41797-0020_61-70968-0026_2830-3980-0031,s2,no_recursion,2,nan
4992-41797-0020_61-70968-0026_2830-3980-0031,s2,no_recursion,3,1.1892346554446729
4992-41797-0020_61-70968-0026_2830-3980-0031,s3,no_recursion,1,25.06129966417472
4992-41797-0020_61-70968-0026_2830-3980-0031,s3,no_recursion,2,-7.337268478406337
4992-41797-0020_61-70968-0026_2830-3980-0031,s3,no_recursion,3,-10.15999281487635
4992-41797-0020_61-70968-0026_2830-3980-0031,s1,ungated_deflation,1,inf
4992-41797-0020_61-70968-0026_2830-3980-0031,s1,ungated_deflation,2,8.45048107224516
4992-41797-0020_61-70968-0026_2830-3980-0031,s1,ungated_deflation,3,6.0816473831678035
4992-41797-0020_61-70968-0026_2830-3980-0031,s2,ungated_deflation,1,inf
4992-41797-0020_61-70968-0026_2830-3980-0031,s2,ungated_deflation,2,nan
4992-41797-0020_61-70968-0026_2830-3980-0031,s2,ungated_deflation,3,-13.399133586591345
4992-41797-0020_61-70968-0026_2830-3980-0031,s3,ungated_deflation,1,2.7467368674320984
4992-41797-0020_61-70968-0026_2830-3980-0031,s3,ungated_deflation,2,-2.8631955596876284
4992-41797-0020_61-70968-0026_2830-3980-0031,s3,ungated_deflation,3,-19.109753259519675
4992-41797-0020_61-70968-0026_2830-3980-0031,s1,gated_deflation,1,inf
4992-41797-0020_61-70968-0026_2830-3980-0031,s1,gated_deflation,2,8.45048107224516
4992-41797-0020_61-70968-0026_2830-3980-0031,s1,gated_deflation,3,6.0816473831678035
4992-41797-0020_61-70968-0026_2830-3980-0031,s2,gated_deflation,1,inf
4992-41797-0020_61-70968-0026_2830-3980-0031,s2,gated_deflation,2,nan
4992-41797-0020_61-70968-0026_2830-3980-0031,s2,gated_deflation,3,-13.399133586591345
4992-41797-0020_61-70968-0026_2830-3980-0031,s3,gated_deflation,1,2.7467368674320984
4992-41797-0020_61-70968-0026_2830-3980-0031,s3,gated_deflation,2,-2.8631955596876284
4992-41797-0020_61-70968-0026_2830-3980-0031,s3,gated_deflation,3,-19.109753259519675
4992-41797-0020_61-70968-0026_2830-3980-0031,s1,coarse_to_fine,1,inf
4992-41797-0020_61-70968-0026_2830-3980-0031,s1,coarse_to_fine,2,7.640970151921459
4992-41797-0020_61-70968-0026_2830-3980-0031,s1,coarse_to_fine,3,6.002186869400621
4992-41797-0020_61-70968-0026_2830-3980-0031,s2,coarse_to_fine,1,inf
4992-41797-0020_61-70968-0026_2830-3980-0031,s2,coarse_to_fine,2,nan
4992-41797-0020_61-70968-0026_2830-3980-0031,s2,coarse_to_fine,3,1.6088479379086231
4992-41797-0020_61-70968-0026_2830-3980-0031,s3,coarse_to_fine,1,23.212436886853208
4992-41797-0020_61-70968-0026_2830-3980-0031,s3,coarse_to_fine,2,-7.3203955911156235
4992-41797-0020_61-70968-0026_2830-3980-0031,s3,coarse_to_fine,3,-9.249675776648598
908-157963-0011_1580-141084-0040_6930-81414-0007,s1,no_recursion,1,47.927291086570534
908-157963-0011_1580-141084-0040_6930-81414-0007,s1,no_recursion,2,15.259928581739576
908-157963-0011_1580-141084-0040_6930-81414-0007,s1,no_recursion,3,6.459103214342759
908-157963-0011_1580-141084-0040_6930-81414-0007,s2,no_recursion,1,inf
908-157963-0011_1580-141084-0040_6930-81414-0007,s2,no_recursion,2,12.187204536004508
908-157963-0011_1580-141084-0040_6930-81414-0007,s2,no_recursion,3,6.315706966419048
908-157963-0011_1580-141084-0040_6930-81414-0007,s3,no_recursion,1,35.94898508596488
908-157963-0011_1580-141084-0040_6930-81414-0007,s3,no_recursion,2,nan
908-157963-0011_1580-141084-0040_6930-81414-0007,s3,no_recursion,3,-8.515996137912921
908-157963-0011_1580-141084-0040_6930-81414-0007,s1,ungated_deflation,1,53.75234257530557
908-157963-0011_1580-141084-0040_6930-81414-0007,s1,ungated_deflation,2,-5.469650326575853
908-157963-0011_1580-141084-0040_6930-81414-0007,s1,ungated_deflation,3,-12.321324926703118
908-157963-0011_1580-141084-0040_6930-81414-0007,s2,ungated_deflation,1,inf
908-157963-0011_1580-141084-0040_6930-81414-0007,s2,ungated_deflation,2,12.187204536004508
908-157963-0011_1580-141084-0040_6930-81414-0007,s2,ungated_deflation,3,6.315706966419048
908-157963-0011_1580-141084-0040_6930-81414-0007,s3,ungated_deflation,1,23.536325202976876
908-157963-0011_1580-141084-0040_6930-81414-0007,s3,ungated_deflation,2,nan
908-157963-0011_1580-141084-0040_6930-81414-0007,s3,ungated_deflation,3,-2.6125548731997164
908-157963-0011_1580-141084-0040_6930-81414-0007,s1,gated_deflation,1,41.633331090935705
908-157963-0011_1580-141084-0040_6930-81414-0007,s1,gated_deflation,2,-2.3861945628526855
908-157963-0011_1580-141084-0040_6930-81414-0007,s1,gated_deflation,3,-17.08987773448024
908-157963-0011_1580-141084-0040_6930-81414-0007,s2,gated_deflation,1,inf
908-157963-0011_1580-141084-0040_6930-81414-0007,s2,gated_deflation,2,12.187204536004508
908-157963-0011_1580-141084-0040_6930-81414-0007,s2,gated_deflation,3,6.315706966419048
908-157963-0011_1580-141084-0040_6930-81414-0007,s3,gated_deflation,1,23.536325202976876
908-157963-0011_1580-141084-0040_6930-81414-0007,s3,gated_deflation,2,nan
908-157963-0011_1580-141084-0040_6930-81414-0007,s3,gated_deflation,3,-2.6125548731997164
908-157963-0011_1580-141084-0040_6930-81414-0007,s1,coarse_to_fine,1,51.46679615982529
908-157963-0011_1580-141084-0040_6930-81414-0007,s1,coarse_to_fine,2,14.000614408856054
908-157963-0011_1580-141084-0040_6930-81414-0007,s1,coarse_to_fine,3,6.403107854902079
908-157963-0011_1580-141084-0040_6930-81414-0007,s2,coarse_to_fine,1,inf
908-157963-0011_1580-141084-0040_6930-81414-0007,s2,coarse_to_fine,2,12.289864157179009
908-157963-0011_1580-141084-0040_6930-81414-0007,s2,coarse_to_fine,3,6.0978015768340965
908-157963-0011_1580-141084-0040_6930-81414-0007,s3,coarse_to_fine,1,35.94898508596488
908-157963-0011_1580-141084-0040_6930-81414-0007,s3,coarse_to_fine,2,nan
908-157963-0011_1580-141084-0040_6930-81414-0007,s3,coarse_to_fine,3,-8.515996137912921
1995-1826-0007_4970-29093-0009_6829-68771-0004,s1,no_recursion,1,inf
1995-1826-0007_4970-29093-0009_6829-68771-0004,s1,no_recursion,2,nan
1995-1826-0007_4970-29093-0009_6829-68771-0004,s1,no_recursion,3,-3.166719936521737
1995-1826-0007_4970-29093-0009_6829-68771-0004,s2,no_recursion,1,62.83620948551305
1995-1826-0007_4970-29093-0009_6829-68771-0004,s2,no_recursion,2,4.749913081737241
1995-1826-0007_4970-29093-0009_6829-68771-0004,s2,no_recursion,3,1.2127985322456494
1995-1826-0007_4970-29093-0009_6829-68771-0004,s3,no_recursion,1,21.798856665826637
1995-1826-0007_4970-29093-0009_6829-68771-0004,s3,no_recursion,2,0.5932505181043897
1995-1826-0007_4970-29093-0009_6829-68771-0004,s3,no_recursion,3,-4.255783184563168
1995-1826-0007_4970-29093-0009_6829-68771-0004,s1,ungated_deflation,1,inf
1995-1826-0007_4970-29093-0009_6829-68771-0004,s1,ungated_deflation,2,nan
1995-1826-0007_4970-29093-0009_6829-68771-0004,s1,ungated_deflation,3,-3.166719936521737
1995-1826-0007_4970-29093-0009_6829-68771-0004,s2,ungated_deflation,1,60.43659982734862
1995-1826-0007_4970-29093-0009_6829-68771-0004,s2,ungated_deflation,2,-0.01051448515226482
1995-1826-0007_4970-29093-0009_6829-68771-0004,s2,ungated_deflation,3,-25.29389747029455
1995-1826-0007_4970-29093-0009_6829-68771-0004,s3,ungated_deflation,1,9.58228151988521
1995-1826-0007_4970-29093-0009_6829-68771-0004,s3,ungated_deflation,2,0.8425366121786582
1995-1826-0007_4970-29093-0009_6829-68771-0004,s3,ungated_deflation,3,-4.911596770141776
1995-1826-0007_4970-29093-0009_6829-68771-0004,s1,gated_deflation,1,inf
1995-1826-0007_4970-29093-0009_6829-68771-0004,s1,gated_deflation,2,nan
1995-1826-0007_4970-29093-0009_6829-68771-0004,s1,gated_deflation,3,-3.166719936521737
1995-1826-0007_4970-29093-0009_6829-68771-0004,s2,gated_deflation,1,62.83620948551305
1995-1826-0007_4970-29093-0009_6829-68771-0004,s2,gated_deflation,2,4.749913081737241
1995-1826-0007_4970-29093-0009_6829-68771-0004,s2,gated_deflation,3,1.2127985322456494
1995-1826-0007_4970-29093-0009_6829-68771-0004,s3,gated_deflation,1,21.798856665826637
1995-1826-0007_4970-29093-0009_6829-68771-0004,s3,gated_deflation,2,0.5932505181043897
1995-1826-0007_4970-29093-0009_6829-68771-0004,s3,gated_deflation,3,-4.255783184563168
1995-1826-0007_4970-29093-0009_6829-68771-0004,s1,coarse_to_fine,1,inf
1995-1826-0007_4970-29093-0009_6829-68771-0004,s1,coarse_to_fine,2,nan
1995-1826-0007_4970-29093-0009_6829-68771-0004,s1,coarse_to_fine,3,-5.044910004009301
1995-1826-0007_4970-29093-0009_6829-68771-0004,s2,coarse_to_fine,1,63.739997753088254
1995-1826-0007_4970-29093-0009_6829-68771-0004,s2,coarse_to_fine,2,2.6322834693317434
1995-1826-0007_4970-29093-0009_6829-68771-0004,s2,coarse_to_fine,3,0.8814801769548661
1995-1826-0007_4970-29093-0009_6829-68771-0004,s3,coarse_to_fine,1,23.17837901336724
1995-1826-0007_4970-29093-0009_6829-68771-0004,s3,coarse_to_fine,2,-0.9478907267698234
1995-1826-0007_4970-29093-0009_6829-68771-0004,s3,coarse_to_fine,3,-4.460863430733087
4077-13751-0001_1284-1181-0002_5142-33396-0037,s1,no_recursion,1,53.77331426407382
4077-13751-0001_1284-1181-0002_5142-33396-0037,s1,no_recursion,2,15.259239630227077
4077-13751-0001_1284-1181-0002_5142-33396-0037,s1,no_recursion,3,-5.776207298058289
4077-13751-0001_1284-1181-0002_5142-33396-0037,s2,no_recursion,1,inf
4077-13751-0001_1284-1181-0002_5142-33396-0037,s2,no_recursion,2,-20.96456338327048
4077-13751-0001_1284-1181-0002_5142-33396-0037,s2,no_recursion,3,1.1490236472493205
4077-13751-0001_1284-1181-0002_5142-33396-0037,s3,no_recursion,1,33.68034661213059
4077-13751-0001_1284-1181-0002_5142-33396-0037,s3,no_recursion,2,nan
4077-13751-0001_1284-1181-0002_5142-33396-0037,s3,no_recursion,3,4.088224379905629
4077-13751-0001_1284-1181-0002_5142-33396-0037,s1,ungated_deflation,1,48.748492519190506
4077-13751-0001_1284-1181-0002_5142-33396-0037,s1,ungated_deflation,2,5.81640972584564
4077-13751-0001_1284-1181-0002_5142-33396-0037,s1,ungated_deflation,3,-8.625063470681951
4077-13751-0001_1284-1181-0002_5142-33396-0037,s2,ungated_deflation,1,inf
4077-13751-0001_1284-1181-0002_5142-33396-0037,s2,ungated_deflation,2,-20.96456338327048
4077-13751-0001_1284-1181-0002_5142-33396-0037,s2,ungated_deflation,3,1.1490236472493205
4077-13751-0001_1284-1181-0002_5142-33396-0037,s3,ungated_deflation,1,20.63157604698236
4077-13751-0001_1284-1181-0002_5142-33396-0037,s3,ungated_deflation,2,nan
4077-13751-0001_1284-1181-0002_5142-33396-0037,s3,ungated_deflation,3,-2.4985214470554404
4077-13751-0001_1284-1181-0002_5142-33396-0037,s1,gated_deflation,1,48.748492519190506
4077-13751-0001_1284-1181-0002_5142-33396-0037,s1,gated_deflation,2,5.81640972584564
4077-13751-0001_1284-1181-0002_5142-33396-0037,s1,gated_deflation,3,-8.625063470681951
4077-13751-0001_1284-1181-0002_5142-33396-0037,s2,gated_deflation,1,inf
4077-13751-0001_1284-1181-0002_5142-33396-0037,s2,gated_deflation,2,-20.96456338327048
4077-13751-0001_1284-1181-0002_5142-33396-0037,s2,gated_deflation,3,1.1490236472493205
4077-13751-0001_1284-1181-0002_5142-33396-0037,s3,gated_deflation,1,20.63157604698236
4077-13751-0001_1284-1181-0002_5142-33396-0037,s3,gated_deflation,2,nan
4077-13751-0001_1284-1181-0002_5142-33396-0037,s3,gated_deflation,3,-2.4985214470554404
4077-13751-0001_1284-1181-0002_5142-33396-0037,s1,coarse_to_fine,1,53.88140216455008
4077-13751-0001_1284-1181-0002_5142-33396-0037,s1,coarse_to_fine,2,18.18959569846456
4077-13751-0001_1284-1181-0002_5142-33396-0037,s1,coarse_to_fine,3,-5.404238721925699
4077-13751-0001_1284-1181-0002_5142-33396-0037,s2,coarse_to_fine,1,inf
4077-13751-0001_1284-1181-0002_5142-33396-0037,s2,coarse_to_fine,2,-17.38826269870577
4077-13751-0001_1284-1181-0002_5142-33396-0037,s2,coarse_to_fine,3,2.247326046844002
4077-13751-0001_1284-1181-0002_5142-33396-0037,s3,coarse_to_fine,1,34.609000319675516
4077-13751-0001_1284-1181-0002_5142-33396-0037,s3,coarse_to_fine,2,nan
4077-13751-0001_1284-1181-0002_5142-33396-0037,s3,coarse_to_fine,3,-0.011748007035005389
3570-5696-0008_8455-210777-0022_1320-122612-0005,s1,no_recursion,1,inf
3570-5696-0008_8455-210777-0022_1320-122612-0005,s1,no_recursion,2,2.7532893070154674
3570-5696-0008_8455-210777-0022_1320-122612-0005,s1,no_recursion,3,-0.8100328045086751
3570-5696-0008_8455-210777-0022_1320-122612-0005,s2,no_recursion,1,48.44704440554282
3570-5696-0008_8455-210777-0022_1320-122612-0005,s2,no_recursion,2,11.526106350855656
3570-5696-0008_8455-210777-0022_1320-122612-0005,s2,no_recursion,3,-2.9227583037538696
3570-5696-0008_8455-210777-0022_1320-122612-0005,s3,no_recursion,1,28.957739863786326
3570-5696-0008_8455-210777-0022_1320-122612-0005,s3,no_recursion,2,nan
3570-5696-0008_8455-210777-0022_1320-122612-0005,s3,no_recursion,3,2.1622541027864415
3570-5696-0008_8455-210777-0022_1320-122612-0005,s1,ungated_deflation,1,inf
3570-5696-0008_8455-210777-0022_1320-122612-0005,s1,ungated_deflation,2,2.7532893070154674
3570-5696-0008_8455-210777-0022_1320-122612-0005,s1,ungated_deflation,3,-0.8100328045086751
3570-5696-0008_8455-210777-0022_1320-122612-0005,s2,ungated_deflation,1,46.06469359169361
3570-5696-0008_8455-210777-0022_1320-122612-0005,s2,ungated_deflation,2,1.18056064022044
3570-5696-0008_8455-210777-0022_1320-122612-0005,s2,ungated_deflation,3,-11.828738963421335
3570-5696-0008_8455-210777-0022_1320-122612-0005,s3,ungated_deflation,1,23.524273238409855
3570-5696-0008_8455-210777-0022_1320-122612-0005,s3,ungated_deflation,2,nan
3570-5696-0008_8455-210777-0022_1320-122612-0005,s3,ungated_deflation,3,-3.867576353348354
3570-5696-0008_8455-210777-0022_1320-122612-0005,s1,gated_deflation,1,inf
3570-5696-0008_8455-210777-0022_1320-122612-0005,s1,gated_deflation,2,2.7532893070154674
3570-5696-0008_8455-210777-0022_1320-122612-0005,s1,gated_deflation,3,-0.8100328045086751
3570-5696-0008_8455-210777-0022_1320-122612-0005,s2,gated_deflation,1,48.44704440554282
3570-5696-0008_8455-210777-0022_1320-122612-0005,s2,gated_deflation,2,11.526106350855656
3570-5696-0008_8455-210777-0022_1320-122612-0005,s2,gated_deflation,3,-2.9227583037538696
3570-5696-0008_8455-210777-0022_1320-122612-0005,s3,gated_deflation,1,28.957739863786326
3570-5696-0008_8455-210777-0022_1320-122612-0005,s3,gated_deflation,2,nan
3570-5696-0008_8455-210777-0022_1320-122612-0005,s3,gated_deflation,3,2.1622541027864415
3570-5696-0008_8455-210777-0022_1320-122612-0005,s1,coarse_to_fine,1,inf
3570-5696-0008_8455-210777-0022_1320-122612-0005,s1,coarse_to_fine,2,2.5734807486276745
3570-5696-0008_8455-210777-0022_1320-122612-0005,s1,coarse_to_fine,3,-2.7420747606499334
3570-5696-0008_8455-210777-0022_1320-122612-0005,s2,coarse_to_fine,1,48.79891646163091
3570-5696-0008_8455-210777-0022_1320-122612-0005,s2,coarse_to_fine,2,2.873691317754074
3570-5696-0008_8455-210777-0022_1320-122612-0005,s2,coarse_to_fine,3,-4.315176019214205
3570-5696-0008_8455-210777-0022_1320-122612-0005,s3,coarse_to_fine,1,27.84479308221607
3570-5696-0008_8455-210777-0022_1320-122612-0005,s3,coarse_to_fine,2,nan
3570-5696-0008_8455-210777-0022_1320-122612-0005,s3,coarse_to_fine,3,2.4808751926014447
121-127105-0035_5105-28240-0019_5142-33396-0042,s1,no_recursion,1,83.37732007146613
121-127105-0035_5105-28240-0019_5142-33396-0042,s1,no_recursion,2,-34.054824406110754
121-127105-0035_5105-28240-0019_5142-33396-0042,s1,no_recursion,3,3.19642344329493
121-127105-0035_5105-28240-0019_5142-33396-0042,s2,no_recursion,1,inf
121-127105-0035_5105-28240-0019_5142-33396-0042,s2,no_recursion,2,17.93601534986491
121-127105-0035_5105-28240-0019_5142-33396-0042,s2,no_recursion,3,-11.083580659613094
121-127105-0035_5105-28240-0019_5142-33396-0042,s3,no_recursion,1,38.334613580835246
121-127105-0035_5105-28240-0019_5142-33396-0042,s3,no_recursion,2,nan
121-127105-0035_5105-28240-0019_5142-33396-0042,s3,no_recursion,3,0.543668885737021
121-127105-0035_5105-28240-0019_5142-33396-0042,s1,ungated_deflation,1,72.66554011315259
121-127105-0035_5105-28240-0019_5142-33396-0042,s1,ungated_deflation,2,-49.23378083156315
121-127105-0035_5105-28240-0019_5142-33396-0042,s1,ungated_deflation,3,-15.893217067935314
121-127105-0035_5105-28240-0019_5142-33396-0042,s2,ungated_deflation,1,inf
121-127105-0035_5105-28240-0019_5142-33396-0042,s2,ungated_deflation,2,17.93601534986491
121-127105-0035_5105-28240-0019_5142-33396-0042,s2,ungated_deflation,3,-11.083580659613094
121-127105-0035_5105-28240-0019_5142-33396-0042,s3,ungated_deflation,1,32.271967845326145
121-127105-0035_5105-28240-0019_5142-33396-0042,s3,ungated_deflation,2,nan
121-127105-0035_5105-28240-0019_5142-33396-0042,s3,ungated_deflation,3,-11.941178495052352
121-127105-0035_5105-28240-0019_5142-33396-0042,s1,gated_deflation,1,90.01113605869732
121-127105-0035_5105-28240-0019_5142-33396-0042,s1,gated_deflation,2,-33.371049902199374
121-127105-0035_5105-28240-0019_5142-33396-0042,s1,gated_deflation,3,-6.679139192184417
121-127105-0035_5105-28240-0019_5142-33396-0042,s2,gated_deflation,1,inf
121-127105-0035_5105-28240-0019_5142-33396-0042,s2,gated_deflation,2,17.93601534986491
121-127105-0035_5105-28240-0019_5142-33396-0042,s2,gated_deflation,3,-11.083580659613094
121-127105-0035_5105-28240-0019_5142-33396-0042,s3,gated_deflation,1,38.334613580835246
121-127105-0035_5105-28240-0019_5142-33396-0042,s3,gated_deflation,2,nan
121-127105-0035_5105-28240-0019_5142-33396-0042,s3,gated_deflation,3,0.543668885737021
121-127105-0035_5105-28240-0019_5142-33396-0042,s1,coarse_to_fine,1,84.2007445310754
121-127105-0035_5105-28240-0019_5142-33396-0042,s1,coarse_to_fine,2,-34.29689466629703
121-127105-0035_5105-28240-0019_5142-33396-0042,s1,coarse_to_fine,3,4.087756940368262
121-127105-0035_5105-28240-0019_5142-33396-0042,s2,coarse_to_fine,1,inf
121-127105-0035_5105-28240-0019_5142-33396-0042,s2,coarse_to_fine,2,17.93601534986491
121-127105-0035_5105-28240-0019_5142-33396-0042,s2,coarse_to_fine,3,-11.083580659613094
121-127105-0035_5105-28240-0019_5142-33396-0042,s3,coarse_to_fine,1,46.90685426091135
121-127105-0035_5105-28240-0019_5142-33396-0042,s3,coarse_to_fine,2,nan
121-127105-0035_5105-28240-0019_5142-33396-0042,s3,coarse_to_fine,3,-2.0734328243627704
4970-29095-0036_8455-210777-0046_3570-5694-0014,s1,no_recursion,1,inf
4970-29095-0036_8455-210777-0046_3570-5694-0014,s1,no_recursion,2,nan
4970-29095-0036_8455-210777-0046_3570-5694-0014,s1,no_recursion,3,1.2217459739072303
4970-29095-0036_8455-210777-0046_3570-5694-0014,s2,no_recursion,1,inf
4970-29095-0036_8455-210777-0046_3570-5694-0014,s2,no_recursion,2,-2.4476867056688594
4970-29095-0036_8455-210777-0046_3570-5694-0014,s2,no_recursion,3,-1.4558099278202619
4970-29095-0036_8455-210777-0046_3570-5694-0014,s3,no_recursion,1,54.23975704681406
4970-29095-0036_8455-210777-0046_3570-5694-0014,s3,no_recursion,2,6.810466128937883
4970-29095-0036_8455-210777-0046_3570-5694-0014,s3,no_recursion,3,1.3724743916686046
4970-29095-0036_8455-210777-0046_3570-5694-0014,s1,ungated_deflation,1,inf
4970-29095-0036_8455-210777-0046_3570-5694-0014,s1,ungated_deflation,2,nan
4970-29095-0036_8455-210777-0046_3570-5694-0014,s1,ungated_deflation,3,1.2217459739072303
4970-29095-0036_8455-210777-0046_3570-5694-0014,s2,ungated_deflation,1,inf
4970-29095-0036_8455-210777-0046_3570-5694-0014,s2,ungated_deflation,2,-0.8541518444130387
4970-29095-0036_8455-210777-0046_3570-5694-0014,s2,ungated_deflation,3,-8.756189707688145
4970-29095-0036_8455-210777-0046_3570-5694-0014,s3,ungated_deflation,1,35.75301319092214
4970-29095-0036_8455-210777-0046_3570-5694-0014,s3,ungated_deflation,2,-0.43698311647743077
4970-29095-0036_8455-210777-0046_3570-5694-0014,s3,ungated_deflation,3,-7.8500993718116465
4970-29095-0036_8455-210777-0046_3570-5694-0014,s1,gated_deflation,1,inf
4970-29095-0036_8455-210777-0046_3570-5694-0014,s1,gated_deflation,2,nan
4970-29095-0036_8455-210777-0046_3570-5694-0014,s1,gated_deflation,3,1.2217459739072303
4970-29095-0036_8455-210777-0046_3570-5694-0014,s2,gated_deflation,1,inf
4970-29095-0036_8455-210777-0046_3570-5694-0014,s2,gated_deflation,2,-0.8541518444130387
4970-29095-0036_8455-210777-0046_3570-5694-0014,s2,gated_deflation,3,-8.756189707688145
4970-29095-0036_8455-210777-0046_3570-5694-0014,s3,gated_deflation,1,45.77291340102584
4970-29095-0036_8455-210777-0046_3570-5694-0014,s3,gated_deflation,2,4.8632982918363785
4970-29095-0036_8455-210777-0046_3570-5694-0014,s3,gated_deflation,3,-5.026271336356966
4970-29095-0036_8455-210777-0046_3570-5694-0014,s1,coarse_to_fine,1,inf
4970-29095-0036_8455-210777-0046_3570-5694-0014,s1,coarse_to_fine,2,nan
4970-29095-0036_8455-210777-0046_3570-5694-0014,s1,coarse_to_fine,3,-0.1523520529673414
4970-29095-0036_8455-210777-0046_3570-5694-0014,s2,coarse_to_fine,1,inf
4970-29095-0036_8455-210777-0046_3570-5694-0014,s2,coarse_to_fine,2,-2.4476867056688594
4970-29095-0036_8455-210777-0046_3570-5694-0014,s2,coarse_to_fine,3,-1.4558099278202619
4970-29095-0036_8455-210777-0046_3570-5694-0014,s3,coarse_to_fine,1,56.69760600409503
4970-29095-0036_8455-210777-0046_3570-5694-0014,s3,coarse_to_fine,2,4.789698378153993
4970-29095-0036_8455-210777-0046_3570-5694-0014,s3,coarse_to_fine,3,0.40242694411778385
1995-1837-0018_7127-75946-0002_8463-294828-0034,s1,no_recursion,1,inf
1995-1837-0018_7127-75946-0002_8463-294828-0034,s1,no_recursion,2,7.228259581847459
1995-1837-0018_7127-75946-0002_8463-294828-0034,s1,no_recursion,3,4.632011820998207
1995-1837-0018_7127-75946-0002_8463-294828-0034,s2,no_recursion,1,54.10584512615805
1995-1837-0018_7127-75946-0002_8463-294828-0034,s2,no_recursion,2,3.969001047087473
1995-1837-0018_7127-75946-0002_8463-294828-0034,s2,no_recursion,3,-2.655598526584289
1995-1837-0018_7127-75946-0002_8463-294828-0034,s3,no_recursion,1,27.074766566572343
1995-1837-0018_7127-75946-0002_8463-294828-0034,s3,no_recursion,2,nan
1995-1837-0018_7127-75946-0002_8463-294828-0034,s3,no_recursion,3,-2.3131036167735464
1995-1837-0018_7127-75946-0002_8463-294828-0034,s1,ungated_deflation,1,inf
1995-1837-0018_7127-75946-0002_8463-294828-0034,s1,ungated_deflation,2,7.228259581847459
1995-1837-0018_7127-75946-0002_8463-294828-0034,s1,ungated_deflation,3,4.632011820998207
1995-1837-0018_7127-75946-0002_8463-294828-0034,s2,ungated_deflation,1,45.71004342346542
1995-1837-0018_7127-75946-0002_8463-294828-0034,s2,ungated_deflation,2,-8.045967113023679
1995-1837-0018_7127-75946-0002_8463-294828-0034,s2,ungated_deflation,3,-6.465420954526332
1995-1837-0018_7127-75946-0002_8463-294828-0034,s3,ungated_deflation,1,15.562902185126447
1995-1837-0018_7127-75946-0002_8463-294828-0034,s3,ungated_deflation,2,nan
1995-1837-0018_7127-75946-0002_8463-294828-0034,s3,ungated_deflation,3,-10.370660519879557
1995-1837-0018_7127-75946-0002_8463-294828-0034,s1,gated_deflation,1,inf
1995-1837-0018_7127-75946-0002_8463-294828-0034,s1,gated_deflation,2,7.228259581847459
1995-1837-0018_7127-75946-0002_8463-294828-0034,s1,gated_deflation,3,4.632011820998207
1995-1837-0018_7127-75946-0002_8463-294828-0034,s2,gated_deflation,1,45.71004342346542
1995-1837-0018_7127-75946-0002_8463-294828-0034,s2,gated_deflation,2,-8.045967113023679
1995-1837-0018_7127-75946-0002_8463-294828-0034,s2,gated_deflation,3,-6.465420954526332
1995-1837-0018_7127-75946-0002_8463-294828-0034,s3,gated_deflation,1,15.562902185126447
1995-1837-0018_7127-75946-0002_8463-294828-0034,s3,gated_deflation,2,nan
1995-1837-0018_7127-75946-0002_8463-294828-0034,s3,gated_deflation,3,-10.370660519879557
1995-1837-0018_7127-75946-0002_8463-294828-0034,s1,coarse_to_fine,1,inf
1995-1837-0018_7127-75946-0002_8463-294828-0034,s1,coarse_to_fine,2,5.505182729924725
1995-1837-0018_7127-75946-0002_8463-294828-0034,s1,coarse_to_fine,3,4.425590095054492
1995-1837-0018_7127-75946-0002_8463-294828-0034,s2,coarse_to_fine,1,54.196503321339755
1995-1837-0018_7127-75946-0002_8463-294828-0034,s2,coarse_to_fine,2,-1.1674019593153109
1995-1837-0018_7127-75946-0002_8463-294828-0034,s2,coarse_to_fine,3,-3.266365028764579
1995-1837-0018_7127-75946-0002_8463-294828-0034,s3,coarse_to_fine,1,40.58173042369188
1995-1837-0018_7127-75946-0002_8463-294828-0034,s3,coarse_to_fine,2,nan
1995-1837-0018_7127-75946-0002_8463-294828-0034,s3,coarse_to_fine,3,-5.354977758337434
1221-135767-0019_4446-2273-0001_7176-88083-0008,s1,no_recursion,1,inf
1221-135767-0019_4446-2273-0001_7176-88083-0008,s1,no_recursion,2,-30.83513342004029
1221-135767-0019_4446-2273-0001_7176-88083-0008,s1,no_recursion,3,-0.10453764854029018
1221-135767-0019_4446-2273-0001_7176-88083-0008,s2,no_recursion,1,34.71749344153019
1221-135767-0019_4446-2273-0001_7176-88083-0008,s2,no_recursion,2,10.133103704576069
1221-135767-0019_4446-2273-0001_7176-88083-0008,s2,no_recursion,3,-0.9939852252942198
1221-135767-0019_4446-2273-0001_7176-88083-0008,s3,no_recursion,1,31.33376647085209
1221-135767-0019_4446-2273-0001_7176-88083-0008,s3,no_recursion,2,nan
1221-135767-0019_4446-2273-0001_7176-88083-0008,s3,no_recursion,3,6.781998903618
1221-135767-0019_4446-2273-0001_7176-88083-0008,s1,ungated_deflation,1,inf
1221-135767-0019_4446-2273-0001_7176-88083-0008,s1,ungated_deflation,2,-30.83513342004029
1221-135767-0019_4446-2273-0001_7176-88083-0008,s1,ungated_deflation,3,-0.10453764854029018
1221-135767-0019_4446-2273-0001_7176-88083-0008,s2,ungated_deflation,1,35.89454744948908
1221-135767-0019_4446-2273-0001_7176-88083-0008,s2,ungated_deflation,2,3.395415424488481
1221-135767-0019_4446-2273-0001_7176-88083-0008,s2,ungated_deflation,3,-2.9812885232860467
1221-135767-0019_4446-2273-0001_7176-88083-0008,s3,ungated_deflation,1,31.229333848448256
1221-135767-0019_4446-2273-0001_7176-88083-0008,s3,ungated_deflation,2,nan
1221-135767-0019_4446-2273-0001_7176-88083-0008,s3,ungated_deflation,3,-1.9983315610635264
1221-135767-0019_4446-2273-0001_7176-88083-0008,s1,gated_deflation,1,inf
1221-135767-0019_4446-2273-0001_7176-88083-0008,s1,gated_deflation,2,-30.83513342004029
1221-135767-0019_4446-2273-0001_7176-88083-0008,s1,gated_deflation,3,-0.10453764854029018
1221-135767-0019_4446-2273-0001_7176-88083-0008,s2,gated_deflation,1,35.83142558691094
1221-135767-0019_4446-2273-0001_7176-88083-0008,s2,gated_deflation,2,8.375643855520366
1221-135767-0019_4446-2273-0001_7176-88083-0008,s2,gated_deflation,3,-2.348454651420278
1221-135767-0019_4446-2273-0001_7176-88083-0008,s3,gated_deflation,1,31.33376647085209
1221-135767-0019_4446-2273-0001_7176-88083-0008,s3,gated_deflation,2,nan
1221-135767-0019_4446-2273-0001_7176-88083-0008,s3,gated_deflation,3,6.781998903618
1221-135767-0019_4446-2273-0001_7176-88083-0008,s1,coarse_to_fine,1,inf
1221-135767-0019_4446-2273-0001_7176-88083-0008,s1,coarse_to_fine,2,-27.827553324994604
1221-135767-0019_4446-2273-0001_7176-88083-0008,s1,coarse_to_fine,3,-0.19289203789985557
1221-135767-0019_4446-2273-0001_7176-88083-0008,s2,coarse_to_fine,1,35.84778330093575
1221-135767-0019_4446-2273-0001_7176-88083-0008,s2,coarse_to_fine,2,13.803574030111408
1221-135767-0019_4446-2273-0001_7176-88083-0008,s2,coarse_to_fine,3,-0.8454930073446082
1221-135767-0019_4446-2273-0001_7176-88083-0008,s3,coarse_to_fine,1,31.245813188648203
1221-135767-0019_4446-2273-0001_7176-88083-0008,s3,coarse_to_fine,2,nan
1221-135767-0019_4446-2273-0001_7176-88083-0008,s3,coarse_to_fine,3,5.895726752090232
8455-210777-0006_1995-1826-0020_5683-32879-0002,s1,no_recursion,1,inf
8455-210777-0006_1995-1826-0020_5683-32879-0002,s1,no_recursion,2,nan
8455-210777-0006_1995-1826-0020_5683-32879-0002,s1,no_recursion,3,-0.962492750782482
8455-210777-0006_1995-1826-0020_5683-32879-0002,s2,no_recursion,1,inf
8455-210777-0006_1995-1826-0020_5683-32879-0002,s2,no_recursion,2,0.8533548364040344
8455-210777-0006_1995-1826-0020_5683-32879-0002,s2,no_recursion,3,-3.449082822000873
8455-210777-0006_1995-1826-0020_5683-32879-0002,s3,no_recursion,1,30.97107257142195
8455-210777-0006_1995-1826-0020_5683-32879-0002,s3,no_recursion,2,2.806013771888234
8455-210777-0006_1995-1826-0020_5683-32879-0002,s3,no_recursion,3,1.6624455850357711
8455-210777-0006_1995-1826-0020_5683-32879-0002,s1,ungated_deflation,1,inf
8455-210777-0006_1995-1826-0020_5683-32879-0002,s1,ungated_deflation,2,nan
8455-210777-0006_1995-1826-0020_5683-32879-0002,s1,ungated_deflation,3,-0.962492750782482
8455-210777-0006_1995-1826-0020_5683-32879-0002,s2,ungated_deflation,1,inf
8455-210777-0006_1995-1826-0020_5683-32879-0002,s2,ungated_deflation,2,0.109480008463392
8455-210777-0006_1995-1826-0020_5683-32879-0002,s2,ungated_deflation,3,-17.489381129994342
8455-210777-0006_1995-1826-0020_5683-32879-0002,s3,ungated_deflation,1,24.053464661338822
8455-210777-0006_1995-1826-0020_5683-32879-0002,s3,ungated_deflation,2,-13.057912883072229
8455-210777-0006_1995-1826-0020_5683-32879-0002,s3,ungated_deflation,3,-4.81549956247047
8455-210777-0006_1995-1826-0020_5683-32879-0002,s1,gated_deflation,1,inf
8455-210777-0006_1995-1826-0020_5683-32879-0002,s1,gated_deflation,2,nan
8455-210777-0006_1995-1826-0020_5683-32879-0002,s1,gated_deflation,3,-0.962492750782482
8455-210777-0006_1995-1826-0020_5683-32879-0002,s2,gated_deflation,1,inf
8455-210777-0006_1995-1826-0020_5683-32879-0002,s2,gated_deflation,2,0.109480008463392
8455-210777-0006_1995-1826-0020_5683-32879-0002,s2,gated_deflation,3,-17.489381129994342
8455-210777-0006_1995-1826-0020_5683-32879-0002,s3,gated_deflation,1,28.060559586972623
8455-210777-0006_1995-1826-0020_5683-32879-0002,s3,gated_deflation,2,1.9139219937115066
8455-210777-0006_1995-1826-0020_5683-32879-0002,s3,gated_deflation,3,-4.3685497151610795
8455-210777-0006_1995-1826-0020_5683-32879-0002,s1,coarse_to_fine,1,inf
8455-210777-0006_1995-1826-0020_5683-32879-0002,s1,coarse_to_fine,2,nan
8455-210777-0006_1995-1826-0020_5683-32879-0002,s1,coarse_to_fine,3,-3.7159520192317537
8455-210777-0006_1995-1826-0020_5683-32879-0002,s2,coarse_to_fine,1,inf
8455-210777-0006_1995-1826-0020_5683-32879-0002,s2,coarse_to_fine,2,-0.1734886531193983
8455-210777-0006_1995-1826-0020_5683-32879-0002,s2,coarse_to_fine,3,-5.720147752924633
8455-210777-0006_1995-1826-0020_5683-32879-0002,s3,coarse_to_fine,1,33.82506847835771
8455-210777-0006_1995-1826-0020_5683-32879-0002,s3,coarse_to_fine,2,1.4054854077933652
8455-210777-0006_1995-1826-0020_5683-32879-0002,s3,coarse_to_fine,3,-0.36217830861205524
7729-102255-0018_1995-1826-0024_121-127105-0025,s1,no_recursion,1,inf
7729-102255-0018_1995-1826-0024_121-127105-0025,s1,no_recursion,2,3.290594444924392
7729-102255-0018_1995-1826-0024_121-127105-0025,s1,no_recursion,3,-2.577801121192823
7729-102255-0018_1995-1826-0024_121-127105-0025,s2,no_recursion,1,inf
7729-102255-0018_1995-1826-0024_121-127105-0025,s2,no_recursion,2,nan
7729-102255-0018_1995-1826-0024_121-127105-0025,s2,no_recursion,3,4.0626580026532935
7729-102255-0018_1995-1826-0024_121-127105-0025,s3,no_recursion,1,36.90033453385571
7729-102255-0018_1995-1826-0024_121-127105-0025,s3,no_recursion,2,7.47255903897135
7729-102255-0018_1995-1826-0024_121-127105-0025,s3,no_recursion,3,-2.344688374934962
7729-102255-0018_1995-1826-0024_121-127105-0025,s1,ungated_deflation,1,inf
7729-102255-0018_1995-1826-0024_121-127105-0025,s1,ungated_deflation,2,3.290594444924392
7729-102255-0018_1995-1826-0024_121-127105-0025,s1,ungated_deflation,3,-2.577801121192823
7729-102255-0018_1995-1826-0024_121-127105-0025,s2,ungated_deflation,1,inf
7729-102255-0018_1995-1826-0024_121-127105-0025,s2,ungated_deflation,2,nan
7729-102255-0018_1995-1826-0024_121-127105-0025,s2,ungated_deflation,3,-1.1097054229312504
7729-102255-0018_1995-1826-0024_121-127105-0025,s3,ungated_deflation,1,28.717554741734514
7729-102255-0018_1995-1826-0024_121-127105-0025,s3,ungated_deflation,2,0.6086684222941645
7729-102255-0018_1995-1826-0024_121-127105-0025,s3,ungated_deflation,3,-26.41166969170188
7729-102255-0018_1995-1826-0024_121-127105-0025,s1,gated_deflation,1,inf
7729-102255-0018_1995-1826-0024_121-127105-0025,s1,gated_deflation,2,3.290594444924392
7729-102255-0018_1995-1826-0024_121-127105-0025,s1,gated_deflation,3,-2.577801121192823
7729-102255-0018_1995-1826-0024_121-127105-0025,s2,gated_deflation,1,inf
7729-102255-0018_1995-1826-0024_121-127105-0025,s2,gated_deflation,2,nan
7729-102255-0018_1995-1826-0024_121-127105-0025,s2,gated_deflation,3,-1.1097054229312504
7729-102255-0018_1995-1826-0024_121-127105-0025,s3,gated_deflation,1,37.38038101040388
7729-102255-0018_1995-1826-0024_121-127105-0025,s3,gated_deflation,2,-3.7618882248310026
7729-102255-0018_1995-1826-0024_121-127105-0025,s3,gated_deflation,3,-9.73830686098524
7729-102255-0018_1995-1826-0024_121-127105-0025,s1,coarse_to_fine,1,inf
7729-102255-0018_1995-1826-0024_121-127105-0025,s1,coarse_to_fine,2,8.475152831068183
7729-102255-0018_1995-1826-0024_121-127105-0025,s1,coarse_to_fine,3,-2.9283209427768373
7729-102255-0018_1995-1826-0024_121-127105-0025,s2,coarse_to_fine,1,inf
7729-102255-0018_1995-1826-0024_121-127105-0025,s2,coarse_to_fine,2,nan
7729-102255-0018_1995-1826-0024_121-127105-0025,s2,coarse_to_fine,3,6.252056731285709
7729-102255-0018_1995-1826-0024_121-127105-0025,s3,coarse_to_fine,1,37.34295328834007
7729-102255-0018_1995-1826-0024_121-127105-0025,s3,coarse_to_fine,2,6.322167940187274
7729-102255-0018_1995-1826-0024_121-127105-0025,s3,coarse_to_fine,3,-2.742836260188748
8230-279154-0019_4446-2271-0000_237-126133-0009,s1,no_recursion,1,50.17437049963881
8230-279154-0019_4446-2271-0000_237-126133-0009,s1,no_recursion,2,18.619618670975772
8230-279154-0019_4446-2271-0000_237-126133-0009,s1,no_recursion,3,6.0732714127754575
8230-279154-0019_4446-2271-0000_237-126133-0009,s2,no_recursion,1,inf
8230-279154-0019_4446-2271-0000_237-126133-0009,s2,no_recursion,2,nan
8230-279154-0019_4446-2271-0000_237-126133-0009,s2,no_recursion,3,-0.8027934109214876
8230-279154-0019_4446-2271-0000_237-126133-0009,s3,no_recursion,1,32.56977509182539
8230-279154-0019_4446-2271-0000_237-126133-0009,s3,no_recursion,2,-21.78683665285724
8230-279154-0019_4446-2271-0000_237-126133-0009,s3,no_recursion,3,-2.601769332860508
8230-279154-0019_4446-2271-0000_237-126133-0009,s1,ungated_deflation,1,45.33241873151583
8230-279154-0019_4446-2271-0000_237-126133-0009,s1,ungated_deflation,2,12.290719002452057
8230-279154-0019_4446-2271-0000_237-126133-0009,s1,ungated_deflation,3,-4.632292863177928
8230-279154-0019_4446-2271-0000_237-126133-0009,s2,ungated_deflation,1,inf
8230-279154-0019_4446-2271-0000_237-126133-0009,s2,ungated_deflation,2,nan
8230-279154-0019_4446-2271-0000_237-126133-0009,s2,ungated_deflation,3,-0.8027934109214876
8230-279154-0019_4446-2271-0000_237-126133-0009,s3,ungated_deflation,1,28.994572297231898
8230-279154-0019_4446-2271-0000_237-126133-0009,s3,ungated_deflation,2,-19.207246473062533
8230-279154-0019_4446-2271-0000_237-126133-0009,s3,ungated_deflation,3,-2.718234478873591
8230-279154-0019_4446-2271-0000_237-126133-0009,s1,gated_deflation,1,50.126422365593164
8230-279154-0019_4446-2271-0000_237-126133-0009,s1,gated_deflation,2,15.144533962947275
8230-279154-0019_4446-2271-0000_237-126133-0009,s1,gated_deflation,3,-2.8552499039230748
8230-279154-0019_4446-2271-0000_237-126133-0009,s2,gated_deflation,1,inf
8230-279154-0019_4446-2271-0000_237-126133-0009,s2,gated_deflation,2,nan
8230-279154-0019_4446-2271-0000_237-126133-0009,s2,gated_deflation,3,-0.8027934109214876
8230-279154-0019_4446-2271-0000_237-126133-0009,s3,gated_deflation,1,28.994572297231898
8230-279154-0019_4446-2271-0000_237-126133-0009,s3,gated_deflation,2,-19.207246473062533
8230-279154-0019_4446-2271-0000_237-126133-0009,s3,gated_deflation,3,-2.718234478873591
8230-279154-0019_4446-2271-0000_237-126133-0009,s1,coarse_to_fine,1,49.66912534265064
8230-279154-0019_4446-2271-0000_237-126133-0009,s1,coarse_to_fine,2,22.780160594169207
8230-279154-0019_4446-2271-0000_237-126133-0009,s1,coarse_to_fine,3,5.574754014473116
8230-279154-0019_4446-2271-0000_237-126133-0009,s2,coarse_to_fine,1,inf
8230-279154-0019_4446-2271-0000_237-126133-0009,s2,coarse_to_fine,2,nan
8230-279154-0019_4446-2271-0000_237-126133-0009,s2,coarse_to_fine,3,-3.9045485671975673
8230-279154-0019_4446-2271-0000_237-126133-0009,s3,coarse_to_fine,1,33.800810674892865
8230-279154-0019_4446-2271-0000_237-126133-0009,s3,coarse_to_fine,2,-24.324425907292337
8230-279154-0019_4446-2271-0000_237-126133-0009,s3,coarse_to_fine,3,-3.3391543832399933
7729-102255-0033_2094-142345-0053_3570-5694-0012,s1,no_recursion,1,44.92714570553054
7729-102255-0033_2094-142345-0053_3570-5694-0012,s1,no_recursion,2,15.397818928294239
7729-102255-0033_2094-142345-0053_3570-5694-0012,s1,no_recursion,3,1.9489323847509308
7729-102255-0033_2094-142345-0053_3570-5694-0012,s2,no_recursion,1,inf
7729-102255-0033_2094-142345-0053_3570-5694-0012,s2,no_recursion,2,-12.33070855435562
7729-102255-0033_2094-142345-0053_3570-5694-0012,s2,no_recursion,3,3.0437228344147234
7729-102255-0033_2094-142345-0053_3570-5694-0012,s3,no_recursion,1,30.116439520342922
7729-102255-0033_2094-142345-0053_3570-5694-0012,s3,no_recursion,2,nan
7729-102255-0033_2094-142345-0053_3570-5694-0012,s3,no_recursion,3,-7.001389958442097
7729-102255-0033_2094-142345-0053_3570-5694-0012,s1,ungated_deflation,1,44.651788186021676
7729-102255-0033_2094-142345-0053_3570-5694-0012,s1,ungated_deflation,2,7.032608138516335
7729-102255-0033_2094-142345-0053_3570-5694-0012,s1,ungated_deflation,3,-23.15644298007151
7729-102255-0033_2094-142345-0053_3570-5694-0012,s2,ungated_deflation,1,inf
7729-102255-0033_2094-142345-0053_3570-5694-0012,s2,ungated_deflation,2,-12.33070855435562
7729-102255-0033_2094-142345-0053_3570-5694-0012,s2,ungated_deflation,3,3.0437228344147234
7729-102255-0033_2094-142345-0053_3570-5694-0012,s3,ungated_deflation,1,17.116043193018545
7729-102255-0033_2094-142345-0053_3570-5694-0012,s3,ungated_deflation,2,nan
7729-102255-0033_2094-142345-0053_3570-5694-0012,s3,ungated_deflation,3,-8.368209422327482
7729-102255-0033_2094-142345-0053_3570-5694-0012,s1,gated_deflation,1,44.651788186021676
7729-102255-0033_2094-142345-0053_3570-5694-0012,s1,gated_deflation,2,7.032608138516335
7729-102255-0033_2094-142345-0053_3570-5694-0012,s1,gated_deflation,3,-23.15644298007151
7729-102255-0033_2094-142345-0053_3570-5694-0012,s2,gated_deflation,1,inf
7729-102255-0033_2094-142345-0053_3570-5694-0012,s2,gated_deflation,2,-12.33070855435562
7729-102255-0033_2094-142345-0053_3570-5694-0012,s2,gated_deflation,3,3.0437228344147234
7729-102255-0033_2094-142345-0053_3570-5694-0012,s3,gated_deflation,1,17.116043193018545
7729-102255-0033_2094-142345-0053_3570-5694-0012,s3,gated_deflation,2,nan
7729-102255-0033_2094-142345-0053_3570-5694-0012,s3,gated_deflation,3,-8.368209422327482
7729-102255-0033_2094-142345-0053_3570-5694-0012,s1,coarse_to_fine,1,44.93276002976533
7729-102255-0033_2094-142345-0053_3570-5694-0012,s1,coarse_to_fine,2,17.960510704859985
7729-102255-0033_2094-142345-0053_3570-5694-0012,s1,coarse_to_fine,3,2.0020022151839223
7729-102255-0033_2094-142345-0053_3570-5694-0012,s2,coarse_to_fine,1,inf
7729-102255-0033_2094-142345-0053_3570-5694-0012,s2,coarse_to_fine,2,-17.949965933732205
7729-102255-0033_2094-142345-0053_3570-5694-0012,s2,coarse_to_fine,3,2.762466177758245
7729-102255-0033_2094-142345-0053_3570-5694-0012,s3,coarse_to_fine,1,30.362138374016464
7729-102255-0033_2094-142345-0053_3570-5694-0012,s3,coarse_to_fine,2,nan
7729-102255-0033_2094-142345-0053_3570-5694-0012,s3,coarse_to_fine,3,-10.44349593499555
908-31957-0020_6829-68771-0033_8555-292519-0006,s1,no_recursion,1,inf
908-31957-0020_6829-68771-0033_8555-292519-0006,s1,no_recursion,2,-20.27479631499274
908-31957-0020_6829-68771-0033_8555-292519-0006,s1,no_recursion,3,-3.622737625496391
908-31957-0020_6829-68771-0033_8555-292519-0006,s2,no_recursion,1,inf
908-31957-0020_6829-68771-0033_8555-292519-0006,s2,no_recursion,2,nan
908-31957-0020_6829-68771-0033_8555-292519-0006,s2,no_recursion,3,-0.42631205409551276
908-31957-0020_6829-68771-0033_8555-292519-0006,s3,no_recursion,1,31.028783093222998
908-31957-0020_6829-68771-0033_8555-292519-0006,s3,no_recursion,2,20.618647414360908
908-31957-0020_6829-68771-0033_8555-292519-0006,s3,no_recursion,3,-1.5684003075864552
908-31957-0020_6829-68771-0033_8555-292519-0006,s1,ungated_deflation,1,inf
908-31957-0020_6829-68771-0033_8555-292519-0006,s1,ungated_deflation,2,-20.27479631499274
908-31957-0020_6829-68771-0033_8555-292519-0006,s1,ungated_deflation,3,-3.622737625496391
908-31957-0020_6829-68771-0033_8555-292519-0006,s2,ungated_deflation,1,inf
908-31957-0020_6829-68771-0033_8555-292519-0006,s2,ungated_deflation,2,nan
908-31957-0020_6829-68771-0033_8555-292519-0006,s2,ungated_deflation,3,-1.76948292085775
908-31957-0020_6829-68771-0033_8555-292519-0006,s3,ungated_deflation,1,24.089359874243335
908-31957-0020_6829-68771-0033_8555-292519-0006,s3,ungated_deflation,2,5.067569612717817
908-31957-0020_6829-68771-0033_8555-292519-0006,s3,ungated_deflation,3,-5.886208309382109
908-31957-0020_6829-68771-0033_8555-292519-0006,s1,gated_deflation,1,inf
908-31957-0020_6829-68771-0033_8555-292519-0006,s1,gated_deflation,2,-20.27479631499274
908-31957-0020_6829-68771-0033_8555-292519-0006,s1,gated_deflation,3,-3.622737625496391
908-31957-0020_6829-68771-0033_8555-292519-0006,s2,gated_deflation,1,inf
908-31957-0020_6829-68771-0033_8555-292519-0006,s2,gated_deflation,2,nan
908-31957-0020_6829-68771-0033_8555-292519-0006,s2,gated_deflation,3,-0.42631205409551276
908-31957-0020_6829-68771-0033_8555-292519-0006,s3,gated_deflation,1,31.028783093222998
908-31957-0020_6829-68771-0033_8555-292519-0006,s3,gated_deflation,2,20.618647414360908
908-31957-0020_6829-68771-0033_8555-292519-0006,s3,gated_deflation,3,-1.5684003075864552
908-31957-0020_6829-68771-0033_8555-292519-0006,s1,coarse_to_fine,1,inf
908-31957-0020_6829-68771-0033_8555-292519-0006,s1,coarse_to_fine,2,-20.27479631499274
908-31957-0020_6829-68771-0033_8555-292519-0006,s1,coarse_to_fine,3,-3.622737625496391
908-31957-0020_6829-68771-0033_8555-292519-0006,s2,coarse_to_fine,1,inf
908-31957-0020_6829-68771-0033_8555-292519-0006,s2,coarse_to_fine,2,nan
908-31957-0020_6829-68771-0033_8555-292519-0006,s2,coarse_to_fine,3,-0.7812237996264565
908-31957-0020_6829-68771-0033_8555-292519-0006,s3,coarse_to_fine,1,31.602761655175392
908-31957-0020_6829-68771-0033_8555-292519-0006,s3,coarse_to_fine,2,20.02811782498522
908-31957-0020_6829-68771-0033_8555-292519-0006,s3,coarse_to_fine,3,-1.4311408165778632
8463-294828-0016_8224-274384-0010_4446-2273-0024,s1,no_recursion,1,inf
8463-294828-0016_8224-274384-0010_4446-2273-0024,s1,no_recursion,2,nan
8463-294828-0016_8224-274384-0010_4446-2273-0024,s1,no_recursion,3,-8.746871098267423
8463-294828-0016_8224-274384-0010_4446-2273-0024,s2,no_recursion,1,58.39187577301304
8463-294828-0016_8224-274384-0010_4446-2273-0024,s2,no_recursion,2,5.257795271186078
8463-294828-0016_8224-274384-0010_4446-2273-0024,s2,no_recursion,3,9.356937825064888
8463-294828-0016_8224-274384-0010_4446-2273-0024,s3,no_recursion,1,50.03080505424891
8463-294828-0016_8224-274384-0010_4446-2273-0024,s3,no_recursion,2,2.7434716179347984
8463-294828-0016_8224-274384-0010_4446-2273-0024,s3,no_recursion,3,1.1976858737905227
8463-294828-0016_8224-274384-0010_4446-2273-0024,s1,ungated_deflation,1,inf
8463-294828-0016_8224-274384-0010_4446-2273-0024,s1,ungated_deflation,2,nan
8463-294828-0016_8224-274384-0010_4446-2273-0024,s1,ungated_deflation,3,-8.746871098267423
8463-294828-0016_8224-274384-0010_4446-2273-0024,s2,ungated_deflation,1,45.13006874895221
8463-294828-0016_8224-274384-0010_4446-2273-0024,s2,ungated_deflation,2,1.6654263526489723
8463-294828-0016_8224-274384-0010_4446-2273-0024,s2,ungated_deflation,3,-11.548591301916154
8463-294828-0016_8224-274384-0010_4446-2273-0024,s3,ungated_deflation,1,30.059551516322255
8463-294828-0016_8224-274384-0010_4446-2273-0024,s3,ungated_deflation,2,-0.2807692990305544
8463-294828-0016_8224-274384-0010_4446-2273-0024,s3,ungated_deflation,3,3.0791458592535994
8463-294828-0016_8224-274384-0010_4446-2273-0024,s1,gated_deflation,1,inf
8463-294828-0016_8224-274384-0010_4446-2273-0024,s1,gated_deflation,2,nan
8463-294828-0016_8224-274384-0010_4446-2273-0024,s1,gated_deflation,3,-8.746871098267423
8463-294828-0016_8224-274384-0010_4446-2273-0024,s2,gated_deflation,1,58.39187577301304
8463-294828-0016_8224-274384-0010_4446-2273-0024,s2,gated_deflation,2,5.257795271186078
8463-294828-0016_8224-274384-0010_4446-2273-0024,s2,gated_deflation,3,9.356937825064888
8463-294828-0016_8224-274384-0010_4446-2273-0024,s3,gated_deflation,1,50.03080505424891
8463-294828-0016_8224-274384-0010_4446-2273-0024,s3,gated_deflation,2,2.7434716179347984
8463-294828-0016_8224-274384-0010_4446-2273-0024,s3,gated_deflation,3,1.1976858737905227
8463-294828-0016_8224-274384-0010_4446-2273-0024,s1,coarse_to_fine,1,inf
8463-294828-0016_8224-274384-0010_4446-2273-0024,s1,coarse_to_fine,2,nan
8463-294828-0016_8224-274384-0010_4446-2273-0024,s1,coarse_to_fine,3,-7.9332926162350415
8463-294828-0016_8224-274384-0010_4446-2273-0024,s2,coarse_to_fine,1,59.51538235783953
8463-294828-0016_8224-274384-0010_4446-2273-0024,s2,coarse_to_fine,2,5.681895416456095
8463-294828-0016_8224-274384-0010_4446-2273-0024,s2,coarse_to_fine,3,9.321068041330197
8463-294828-0016_8224-274384-0010_4446-2273-0024,s3,coarse_to_fine,1,46.58827504562243
8463-294828-0016_8224-274384-0010_4446-2273-0024,s3,coarse_to_fine,2,5.032054111606983
8463-294828-0016_8224-274384-0010_4446-2273-0024,s3,coarse_to_fine,3,3.0409691135163026
5105-28233-0003_61-70970-0039_908-157963-0029,s1,no_recursion,1,56.41879456256967
5105-28233-0003_61-70970-0039_908-157963-0029,s1,no_recursion,2,6.99275992419453
5105-28233-0003_61-70970-0039_908-157963-0029,s1,no_recursion,3,0.5050700341810309
5105-28233-0003_61-70970-0039_908-157963-0029,s2,no_recursion,1,inf
5105-28233-0003_61-70970-0039_908-157963-0029,s2,no_recursion,2,8.282321800471145
5105-28233-0003_61-70970-0039_908-157963-0029,s2,no_recursion,3,-2.951887858011801
5105-28233-0003_61-70970-0039_908-157963-0029,s3,no_recursion,1,39.957632454694426
5105-28233-0003_61-70970-0039_908-157963-0029,s3,no_recursion,2,nan
5105-28233-0003_61-70970-0039_908-157963-0029,s3,no_recursion,3,-0.022712986924139818
5105-28233-0003_61-70970-0039_908-157963-0029,s1,ungated_deflation,1,46.14943597199861
5105-28233-0003_61-70970-0039_908-157963-0029,s1,ungated_deflation,2,-3.2270386614529407
5105-28233-0003_61-70970-0039_908-157963-0029,s1,ungated_deflation,3,-12.817342706665242
5105-28233-0003_61-70970-0039_908-157963-0029,s2,ungated_deflation,1,inf
5105-28233-0003_61-70970-0039_908-157963-0029,s2,ungated_deflation,2,8.282321800471145
5105-28233-0003_61-70970-0039_908-157963-0029,s2,ungated_deflation,3,-2.951887858011801
5105-28233-0003_61-70970-0039_908-157963-0029,s3,ungated_deflation,1,19.64248669641372
5105-28233-0003_61-70970-0039_908-157963-0029,s3,ungated_deflation,2,nan
5105-28233-0003_61-70970-0039_908-157963-0029,s3,ungated_deflation,3,3.1152814341277484
5105-28233-0003_61-70970-0039_908-157963-0029,s1,gated_deflation,1,46.14943597199861
5105-28233-0003_61-70970-0039_908-157963-0029,s1,gated_deflation,2,-3.2270386614529407
5105-28233-0003_61-70970-0039_908-157963-0029,s1,gated_deflation,3,-12.817342706665242
5105-28233-0003_61-70970-0039_908-157963-0029,s2,gated_deflation,1,inf
5105-28233-0003_61-70970-0039_908-157963-0029,s2,gated_deflation,2,8.282321800471145
5105-28233-0003_61-70970-0039_908-157963-0029,s2,gated_deflation,3,-2.951887858011801
5105-28233-0003_61-70970-0039_908-157963-0029,s3,gated_deflation,1,19.64248669641372
5105-28233-0003_61-70970-0039_908-157963-0029,s3,gated_deflation,2,nan
5105-28233-0003_61-70970-0039_908-157963-0029,s3,gated_deflation,3,3.1152814341277484
5105-28233-0003_61-70970-0039_908-157963-0029,s1,coarse_to_fine,1,55.3574615646137
5105-28233-0003_61-70970-0039_908-157963-0029,s1,coarse_to_fine,2,6.35007879070976
5105-28233-0003_61-70970-0039_908-157963-0029,s1,coarse_to_fine,3,-0.8690451255549243
5105-28233-0003_61-70970-0039_908-157963-0029,s2,coarse_to_fine,1,inf
5105-28233-0003_61-70970-0039_908-157963-0029,s2,coarse_to_fine,2,7.871152951421381
5105-28233-0003_61-70970-0039_908-157963-0029,s2,coarse_to_fine,3,-2.0573316896745912
5105-28233-0003_61-70970-0039_908-157963-0029,s3,coarse_to_fine,1,37.80503589425683
5105-28233-0003_61-70970-0039_908-157963-0029,s3,coarse_to_fine,2,nan
5105-28233-0003_61-70970-0039_908-157963-0029,s3,coarse_to_fine,3,-1.8399514560114314
8230-279154-0020_61-70970-0018_1320-122612-0013,s1,no_recursion,1,36.26434980527347
8230-279154-0020_61-70970-0018_1320-122612-0013,s1,no_recursion,2,1.5788976958933847
8230-279154-0020_61-70970-0018_1320-122612-0013,s1,no_recursion,3,-7.741055807940112
8230-279154-0020_61-70970-0018_1320-122612-0013,s2,no_recursion,1,inf
8230-279154-0020_61-70970-0018_1320-122612-0013,s2,no_recursion,2,nan
8230-279154-0020_61-70970-0018_1320-122612-0013,s2,no_recursion,3,-4.446010542863718
8230-279154-0020_61-70970-0018_1320-122612-0013,s3,no_recursion,1,44.05536737281083
8230-279154-0020_61-70970-0018_1320-122612-0013,s3,no_recursion,2,-2.1900426248844647
8230-279154-0020_61-70970-0018_1320-122612-0013,s3,no_recursion,3,-1.9442650157190866
8230-279154-0020_61-70970-0018_1320-122612-0013,s1,ungated_deflation,1,36.67996410864799
8230-279154-0020_61-70970-0018_1320-122612-0013,s1,ungated_deflation,2,-1.3984628078781836
8230-279154-0020_61-70970-0018_1320-122612-0013,s1,ungated_deflation,3,-15.310765470282012
8230-279154-0020_61-70970-0018_1320-122612-0013,s2,ungated_deflation,1,inf
8230-279154-0020_61-70970-0018_1320-122612-0013,s2,ungated_deflation,2,nan
8230-279154-0020_61-70970-0018_1320-122612-0013,s2,ungated_deflation,3,-4.446010542863718
8230-279154-0020_61-70970-0018_1320-122612-0013,s3,ungated_deflation,1,27.790158942643597
8230-279154-0020_61-70970-0018_1320-122612-0013,s3,ungated_deflation,2,-1.761633606929991
8230-279154-0020_61-70970-0018_1320-122612-0013,s3,ungated_deflation,3,-7.066645197728201
8230-279154-0020_61-70970-0018_1320-122612-0013,s1,gated_deflation,1,36.97545035175449
8230-279154-0020_61-70970-0018_1320-122612-0013,s1,gated_deflation,2,-3.891119514524317
8230-279154-0020_61-70970-0018_1320-122612-0013,s1,gated_deflation,3,-6.4925458023552265
8230-279154-0020_61-70970-0018_1320-122612-0013,s2,gated_deflation,1,inf
8230-279154-0020_61-70970-0018_1320-122612-0013,s2,gated_deflation,2,nan
8230-279154-0020_61-70970-0018_1320-122612-0013,s2,gated_deflation,3,-4.446010542863718
8230-279154-0020_61-70970-0018_1320-122612-0013,s3,gated_deflation,1,27.790158942643597
8230-279154-0020_61-70970-0018_1320-122612-0013,s3,gated_deflation,2,-1.761633606929991
8230-279154-0020_61-70970-0018_1320-122612-0013,s3,gated_deflation,3,-7.066645197728201
8230-279154-0020_61-70970-0018_1320-122612-0013,s1,coarse_to_fine,1,36.23120525961989
8230-279154-0020_61-70970-0018_1320-122612-0013,s1,coarse_to_fine,2,-1.727892516303558
8230-279154-0020_61-70970-0018_1320-122612-0013,s1,coarse_to_fine,3,-7.971509117527312
8230-279154-0020_61-70970-0018_1320-122612-0013,s2,coarse_to_fine,1,inf
8230-279154-0020_61-70970-0018_1320-122612-0013,s2,coarse_to_fine,2,nan
8230-279154-0020_61-70970-0018_1320-122612-0013,s2,coarse_to_fine,3,-2.347465643396967
8230-279154-0020_61-70970-0018_1320-122612-0013,s3,coarse_to_fine,1,44.29640049993763
8230-279154-0020_61-70970-0018_1320-122612-0013,s3,coarse_to_fine,2,-1.3272552047996342
8230-279154-0020_61-70970-0018_1320-122612-0013,s3,coarse_to_fine,3,-1.9234035184571558
4507-16021-0003_7021-85628-0002_8224-274381-0015,s1,no_recursion,1,inf
4507-16021-0003_7021-85628-0002_8224-274381-0015,s1,no_recursion,2,nan
4507-16021-0003_7021-85628-0002_8224-274381-0015,s1,no_recursion,3,2.8422807512348918
4507-16021-0003_7021-85628-0002_8224-274381-0015,s2,no_recursion,1,inf
4507-16021-0003_7021-85628-0002_8224-274381-0015,s2,no_recursion,2,-2.849605799507728
4507-16021-0003_7021-85628-0002_8224-274381-0015,s2,no_recursion,3,0.07457450219254863
4507-16021-0003_7021-85628-0002_8224-274381-0015,s3,no_recursion,1,42.21446616190182
4507-16021-0003_7021-85628-0002_8224-274381-0015,s3,no_recursion,2,-0.7388849040253154
4507-16021-0003_7021-85628-0002_8224-274381-0015,s3,no_recursion,3,-3.49913796611024
4507-16021-0003_7021-85628-0002_8224-274381-0015,s1,ungated_deflation,1,inf
4507-16021-0003_7021-85628-0002_8224-274381-0015,s1,ungated_deflation,2,nan
4507-16021-0003_7021-85628-0002_8224-274381-0015,s1,ungated_deflation,3,2.8422807512348918
4507-16021-0003_7021-85628-0002_8224-274381-0015,s2,ungated_deflation,1,inf
4507-16021-0003_7021-85628-0002_8224-274381-0015,s2,ungated_deflation,2,-0.4757556444891963
4507-16021-0003_7021-85628-0002_8224-274381-0015,s2,ungated_deflation,3,-5.958802391604623
4507-16021-0003_7021-85628-0002_8224-274381-0015,s3,ungated_deflation,1,23.71905671041568
4507-16021-0003_7021-85628-0002_8224-274381-0015,s3,ungated_deflation,2,-3.905777834147443
4507-16021-0003_7021-85628-0002_8224-274381-0015,s3,ungated_deflation,3,-7.540120034539851
4507-16021-0003_7021-85628-0002_8224-274381-0015,s1,gated_deflation,1,inf
4507-16021-0003_7021-85628-0002_8224-274381-0015,s1,gated_deflation,2,nan
4507-16021-0003_7021-85628-0002_8224-274381-0015,s1,gated_deflation,3,2.8422807512348918
4507-16021-0003_7021-85628-0002_8224-274381-0015,s2,gated_deflation,1,inf
4507-16021-0003_7021-85628-0002_8224-274381-0015,s2,gated_deflation,2,-0.4757556444891963
4507-16021-0003_7021-85628-0002_8224-274381-0015,s2,gated_deflation,3,-5.958802391604623
4507-16021-0003_7021-85628-0002_8224-274381-0015,s3,gated_deflation,1,23.71905671041568
4507-16021-0003_7021-85628-0002_8224-274381-0015,s3,gated_deflation,2,-3.905777834147443
4507-16021-0003_7021-85628-0002_8224-274381-0015,s3,gated_deflation,3,-7.540120034539851
4507-16021-0003_7021-85628-0002_8224-274381-0015,s1,coarse_to_fine,1,inf
4507-16021-0003_7021-85628-0002_8224-274381-0015,s1,coarse_to_fine,2,nan
4507-16021-0003_7021-85628-0002_8224-274381-0015,s1,coarse_to_fine,3,2.86947362237696
4507-16021-0003_7021-85628-0002_8224-274381-0015,s2,coarse_to_fine,1,inf
4507-16021-0003_7021-85628-0002_8224-274381-0015,s2,coarse_to_fine,2,-0.9074104796030351
4507-16021-0003_7021-85628-0002_8224-274381-0015,s2,coarse_to_fine,3,1.0417840134852894
4507-16021-0003_7021-85628-0002_8224-274381-0015,s3,coarse_to_fine,1,46.149972910707135
4507-16021-0003_7021-85628-0002_8224-274381-0015,s3,coarse_to_fine,2,1.699581540796891
4507-16021-0003_7021-85628-0002_8224-274381-0015,s3,coarse_to_fine,3,-3.0324031020106053
1284-1180-0028_1580-141084-0024_237-126133-0007,s1,no_recursion,1,inf
1284-1180-0028_1580-141084-0024_237-126133-0007,s1,no_recursion,2,nan
1284-1180-0028_1580-141084-0024_237-126133-0007,s1,no_recursion,3,3.074196665974256
1284-1180-0028_1580-141084-0024_237-126133-0007,s2,no_recursion,1,55.57040474642061
1284-1180-0028_1580-141084-0024_237-126133-0007,s2,no_recursion,2,3.4212175772736444
1284-1180-0028_1580-141084-0024_237-126133-0007,s2,no_recursion,3,-2.1855766649914368
1284-1180-0028_1580-141084-0024_237-126133-0007,s3,no_recursion,1,23.686690668120317
1284-1180-0028_1580-141084-0024_237-126133-0007,s3,no_recursion,2,-2.3193954807994426
1284-1180-0028_1580-141084-0024_237-126133-0007,s3,no_recursion,3,-2.218752450054567
1284-1180-0028_1580-141084-0024_237-126133-0007,s1,ungated_deflation,1,inf
1284-1180-0028_1580-141084-0024_237-126133-0007,s1,ungated_deflation,2,nan
1284-1180-0028_1580-141084-0024_237-126133-0007,s1,ungated_deflation,3,3.074196665974256
1284-1180-0028_1580-141084-0024_237-126133-0007,s2,ungated_deflation,1,52.96605834879432
1284-1180-0028_1580-141084-0024_237-126133-0007,s2,ungated_deflation,2,-7.4176533363436805
1284-1180-0028_1580-141084-0024_237-126133-0007,s2,ungated_deflation,3,-7.398528731761685
1284-1180-0028_1580-141084-0024_237-126133-0007,s3,ungated_deflation,1,19.359613354778368
1284-1180-0028_1580-141084-0024_237-126133-0007,s3,ungated_deflation,2,-2.3182777441695626
1284-1180-0028_1580-141084-0024_237-126133-0007,s3,ungated_deflation,3,-6.358658200255775
1284-1180-0028_1580-141084-0024_237-126133-0007,s1,gated_deflation,1,inf
1284-1180-0028_1580-141084-0024_237-126133-0007,s1,gated_deflation,2,nan
1284-1180-0028_1580-141084-0024_237-126133-0007,s1,gated_deflation,3,3.074196665974256
1284-1180-0028_1580-141084-0024_237-126133-0007,s2,gated_deflation,1,55.57040474642061
1284-1180-0028_1580-141084-0024_237-126133-0007,s2,gated_deflation,2,3.4212175772736444
1284-1180-0028_1580-141084-0024_237-126133-0007,s2,gated_deflation,3,-2.1855766649914368
1284-1180-0028_1580-141084-0024_237-126133-0007,s3,gated_deflation,1,23.686690668120317
1284-1180-0028_1580-141084-0024_237-126133-0007,s3,gated_deflation,2,-2.3193954807994426
1284-1180-0028_1580-141084-0024_237-126133-0007,s3,gated_deflation,3,-2.218752450054567
1284-1180-0028_1580-141084-0024_237-126133-0007,s1,coarse_to_fine,1,inf
1284-1180-0028_1580-141084-0024_237-126133-0007,s1,coarse_to_fine,2,nan
1284-1180-0028_1580-141084-0024_237-126133-0007,s1,coarse_to_fine,3,1.7522090482933934
1284-1180-0028_1580-141084-0024_237-126133-0007,s2,coarse_to_fine,1,55.4198369644218
1284-1180-0028_1580-141084-0024_237-126133-0007,s2,coarse_to_fine,2,3.7794793826482707
1284-1180-0028_1580-141084-0024_237-126133-0007,s2,coarse_to_fine,3,-2.5033361852652254
1284-1180-0028_1580-141084-0024_237-126133-0007,s3,coarse_to_fine,1,23.686690668120317
1284-1180-0028_1580-141084-0024_237-126133-0007,s3,coarse_to_fine,2,-2.3193954807994426
1284-1180-0028_1580-141084-0024_237-126133-0007,s3,coarse_to_fine,3,-2.218752450054567
5639-40744-0004_4992-41806-0011_672-122797-0012,s1,no_recursion,1,34.90157504030014
5639-40744-0004_4992-41806-0011_672-122797-0012,s1,no_recursion,2,2.3152776478731214
5639-40744-0004_4992-41806-0011_672-122797-0012,s1,no_recursion,3,-2.110485575770499
5639-40744-0004_4992-41806-0011_672-122797-0012,s2,no_recursion,1,inf
5639-40744-0004_4992-41806-0011_672-122797-0012,s2,no_recursion,2,-34.77212779944959
5639-40744-0004_4992-41806-0011_672-122797-0012,s2,no_recursion,3,2.5569039628928083
5639-40744-0004_4992-41806-0011_672-122797-0012,s3,no_recursion,1,33.516634460073014
5639-40744-0004_4992-41806-0011_672-122797-0012,s3,no_recursion,2,nan
5639-40744-0004_4992-41806-0011_672-122797-0012,s3,no_recursion,3,-4.467217262739906
5639-40744-0004_4992-41806-0011_672-122797-0012,s1,ungated_deflation,1,34.74191910272421
5639-40744-0004_4992-41806-0011_672-122797-0012,s1,ungated_deflation,2,6.9004196048431385
5639-40744-0004_4992-41806-0011_672-122797-0012,s1,ungated_deflation,3,-9.068040242035629
5639-40744-0004_4992-41806-0011_672-122797-0012,s2,ungated_deflation,1,inf
5639-40744-0004_4992-41806-0011_672-122797-0012,s2,ungated_deflation,2,-34.77212779944959
5639-40744-0004_4992-41806-0011_672-122797-0012,s2,ungated_deflation,3,2.5569039628928083
5639-40744-0004_4992-41806-0011_672-122797-0012,s3,ungated_deflation,1,28.638301118128556
5639-40744-0004_4992-41806-0011_672-122797-0012,s3,ungated_deflation,2,nan
5639-40744-0004_4992-41806-0011_672-122797-0012,s3,ungated_deflation,3,-6.449701666854304
5639-40744-0004_4992-41806-0011_672-122797-0012,s1,gated_deflation,1,35.7236402078708
5639-40744-0004_4992-41806-0011_672-122797-0012,s1,gated_deflation,2,0.0018958621703186944
5639-40744-0004_4992-41806-0011_672-122797-0012,s1,gated_deflation,3,-13.36538409369207
5639-40744-0004_4992-41806-0011_672-122797-0012,s2,gated_deflation,1,inf
5639-40744-0004_4992-41806-0011_672-122797-0012,s2,gated_deflation,2,-34.77212779944959
5639-40744-0004_4992-41806-0011_672-122797-0012,s2,gated_deflation,3,2.5569039628928083
5639-40744-0004_4992-41806-0011_672-122797-0012,s3,gated_deflation,1,28.638301118128556
5639-40744-0004_4992-41806-0011_672-122797-0012,s3,gated_deflation,2,nan
5639-40744-0004_4992-41806-0011_672-122797-0012,s3,gated_deflation,3,-6.449701666854304
5639-40744-0004_4992-41806-0011_672-122797-0012,s1,coarse_to_fine,1,34.92552000031259
5639-40744-0004_4992-41806-0011_672-122797-0012,s1,coarse_to_fine,2,6.025210018284598
5639-40744-0004_4992-41806-0011_672-122797-0012,s1,coarse_to_fine,3,-2.5965961211028765
5639-40744-0004_4992-41806-0011_672-122797-0012,s2,coarse_to_fine,1,inf
5639-40744-0004_4992-41806-0011_672-122797-0012,s2,coarse_to_fine,2,-25.108397494332934
5639-40744-0004_4992-41806-0011_672-122797-0012,s2,coarse_to_fine,3,3.2061111096581705
5639-40744-0004_4992-41806-0011_672-122797-0012,s3,coarse_to_fine,1,36.92398587436071
5639-40744-0004_4992-41806-0011_672-122797-0012,s3,coarse_to_fine,2,nan
5639-40744-0004_4992-41806-0011_672-122797-0012,s3,coarse_to_fine,3,-5.704342913781427
8463-294828-0033_3729-6852-0019_4507-16021-0039,s1,no_recursion,1,inf
8463-294828-0033_3729-6852-0019_4507-16021-0039,s1,no_recursion,2,6.7677453247463895
8463-294828-0033_3729-6852-0019_4507-16021-0039,s1,no_recursion,3,-5.495590822834132
8463-294828-0033_3729-6852-0019_4507-16021-0039,s2,no_recursion,1,inf
8463-294828-0033_3729-6852-0019_4507-16021-0039,s2,no_recursion,2,nan
8463-294828-0033_3729-6852-0019_4507-16021-0039,s2,no_recursion,3,-4.432503593862841
8463-294828-0033_3729-6852-0019_4507-16021-0039,s3,no_recursion,1,52.27947033106162
8463-294828-0033_3729-6852-0019_4507-16021-0039,s3,no_recursion,2,8.903839927282707
8463-294828-0033_3729-6852-0019_4507-16021-0039,s3,no_recursion,3,2.385337899538114
8463-294828-0033_3729-6852-0019_4507-16021-0039,s1,ungated_deflation,1,inf
8463-294828-0033_3729-6852-0019_4507-16021-0039,s1,ungated_deflation,2,6.7677453247463895
8463-294828-0033_3729-6852-0019_4507-16021-0039,s1,ungated_deflation,3,-5.495590822834132
8463-294828-0033_3729-6852-0019_4507-16021-0039,s2,ungated_deflation,1,inf
8463-294828-0033_3729-6852-0019_4507-16021-0039,s2,ungated_deflation,2,nan
8463-294828-0033_3729-6852-0019_4507-16021-0039,s2,ungated_deflation,3,-9.437916197863462
8463-294828-0033_3729-6852-0019_4507-16021-0039,s3,ungated_deflation,1,37.668037884150884
8463-294828-0033_3729-6852-0019_4507-16021-0039,s3,ungated_deflation,2,-3.208122884594638
8463-294828-0033_3729-6852-0019_4507-16021-0039,s3,ungated_deflation,3,-8.66088327969181
8463-294828-0033_3729-6852-0019_4507-16021-0039,s1,gated_deflation,1,inf
8463-294828-0033_3729-6852-0019_4507-16021-0039,s1,gated_deflation,2,6.7677453247463895
8463-294828-0033_3729-6852-0019_4507-16021-0039,s1,gated_deflation,3,-5.495590822834132
8463-294828-0033_3729-6852-0019_4507-16021-0039,s2,gated_deflation,1,inf
8463-294828-0033_3729-6852-0019_4507-16021-0039,s2,gated_deflation,2,nan
8463-294828-0033_3729-6852-0019_4507-16021-0039,s2,gated_deflation,3,-9.437916197863462
8463-294828-0033_3729-6852-0019_4507-16021-0039,s3,gated_deflation,1,39.960089872975296
8463-294828-0033_3729-6852-0019_4507-16021-0039,s3,gated_deflation,2,0.6828881838436667
8463-294828-0033_3729-6852-0019_4507-16021-0039,s3,gated_deflation,3,-0.8269169503649343
8463-294828-0033_3729-6852-0019_4507-16021-0039,s1,coarse_to_fine,1,inf
8463-294828-0033_3729-6852-0019_4507-16021-0039,s1,coarse_to_fine,2,4.2221451475521
8463-294828-0033_3729-6852-0019_4507-16021-0039,s1,coarse_to_fine,3,-6.250017443243321
8463-294828-0033_3729-6852-0019_4507-16021-0039,s2,coarse_to_fine,1,inf
8463-294828-0033_3729-6852-0019_4507-16021-0039,s2,coarse_to_fine,2,nan
8463-294828-0033_3729-6852-0019_4507-16021-0039,s2,coarse_to_fine,3,-4.533543008119389
8463-294828-0033_3729-6852-0019_4507-16021-0039,s3,coarse_to_fine,1,52.770575264325366
8463-294828-0033_3729-6852-0019_4507-16021-0039,s3,coarse_to_fine,2,8.88483661906861
8463-294828-0033_3729-6852-0019_4507-16021-0039,s3,coarse_to_fine,3,2.3544717240861055
1221-135767-0021_4446-2273-0010_4507-16021-0024,s1,no_recursion,1,55.080693795336
1221-135767-0021_4446-2273-0010_4507-16021-0024,s1,no_recursion,2,1.634385357252563
1221-135767-0021_4446-2273-0010_4507-16021-0024,s1,no_recursion,3,-4.869639730719137
1221-135767-0021_4446-2273-0010_4507-16021-0024,s2,no_recursion,1,inf
1221-135767-0021_4446-2273-0010_4507-16021-0024,s2,no_recursion,2,1.0101095327022465
1221-135767-0021_4446-2273-0010_4507-16021-0024,s2,no_recursion,3,-8.718786274973633
1221-135767-0021_4446-2273-0010_4507-16021-0024,s3,no_recursion,1,24.906337092277223
1221-135767-0021_4446-2273-0010_4507-16021-0024,s3,no_recursion,2,nan
1221-135767-0021_4446-2273-0010_4507-16021-0024,s3,no_recursion,3,7.85553963866
1221-135767-0021_4446-2273-0010_4507-16021-0024,s1,ungated_deflation,1,55.080693795336
1221-135767-0021_4446-2273-0010_4507-16021-0024,s1,ungated_deflation,2,1.634385357252563
1221-135767-0021_4446-2273-0010_4507-16021-0024,s1,ungated_deflation,3,-4.869639730719137
1221-135767-0021_4446-2273-0010_4507-16021-0024,s2,ungated_deflation,1,inf
1221-135767-0021_4446-2273-0010_4507-16021-0024,s2,ungated_deflation,2,-2.0479100988687677
1221-135767-0021_4446-2273-0010_4507-16021-0024,s2,ungated_deflation,3,-11.369375817775072
1221-135767-0021_4446-2273-0010_4507-16021-0024,s3,ungated_deflation,1,6.226595814838064
1221-135767-0021_4446-2273-0010_4507-16021-0024,s3,ungated_deflation,2,nan
1221-135767-0021_4446-2273-0010_4507-16021-0024,s3,ungated_deflation,3,-7.544174951803764
1221-135767-0021_4446-2273-0010_4507-16021-0024,s1,gated_deflation,1,55.080693795336
1221-135767-0021_4446-2273-0010_4507-16021-0024,s1,gated_deflation,2,1.634385357252563
1221-135767-0021_4446-2273-0010_4507-16021-0024,s1,gated_deflation,3,-4.869639730719137
1221-135767-0021_4446-2273-0010_4507-16021-0024,s2,gated_deflation,1,inf
1221-135767-0021_4446-2273-0010_4507-16021-0024,s2,gated_deflation,2,-2.0479100988687677
1221-135767-0021_4446-2273-0010_4507-16021-0024,s2,gated_deflation,3,-11.369375817775072
1221-135767-0021_4446-2273-0010_4507-16021-0024,s3,gated_deflation,1,6.226595814838064
1221-135767-0021_4446-2273-0010_4507-16021-0024,s3,gated_deflation,2,nan
1221-135767-0021_4446-2273-0010_4507-16021-0024,s3,gated_deflation,3,-7.544174951803764
1221-135767-0021_4446-2273-0010_4507-16021-0024,s1,coarse_to_fine,1,54.740021136833484
1221-135767-0021_4446-2273-0010_4507-16021-0024,s1,coarse_to_fine,2,2.5098759097931094
1221-135767-0021_4446-2273-0010_4507-16021-0024,s1,coarse_to_fine,3,-5.677208992265888
1221-135767-0021_4446-2273-0010_4507-16021-0024,s2,coarse_to_fine,1,inf
1221-135767-0021_4446-2273-0010_4507-16021-0024,s2,coarse_to_fine,2,0.5423581445677199
1221-135767-0021_4446-2273-0010_4507-16021-0024,s2,coarse_to_fine,3,-8.497242901369265
1221-135767-0021_4446-2273-0010_4507-16021-0024,s3,coarse_to_fine,1,26.847692033298628
1221-135767-0021_4446-2273-0010_4507-16021-0024,s3,coarse_to_fine,2,nan
1221-135767-0021_4446-2273-0010_4507-16021-0024,s3,coarse_to_fine,3,8.191191109603245
5142-33396-0014_2961-960-0003_7021-85628-0009,s1,no_recursion,1,inf
5142-33396-0014_2961-960-0003_7021-85628-0009,s1,no_recursion,2,nan
5142-33396-0014_2961-960-0003_7021-85628-0009,s1,no_recursion,3,-0.6693018120831651
5142-33396-0014_2961-960-0003_7021-85628-0009,s2,no_recursion,1,40.54985084903557
5142-33396-0014_2961-960-0003_7021-85628-0009,s2,no_recursion,2,9.519120416611313
5142-33396-0014_2961-960-0003_7021-85628-0009,s2,no_recursion,3,4.743730195362488
5142-33396-0014_2961-960-0003_7021-85628-0009,s3,no_recursion,1,24.16976469129352
5142-33396-0014_2961-960-0003_7021-85628-0009,s3,no_recursion,2,-11.227544626313735
5142-33396-0014_2961-960-0003_7021-85628-0009,s3,no_recursion,3,-8.277507652314
5142-33396-0014_2961-960-0003_7021-85628-0009,s1,ungated_deflation,1,inf
5142-33396-0014_2961-960-0003_7021-85628-0009,s1,ungated_deflation,2,nan
5142-33396-0014_2961-960-0003_7021-85628-0009,s1,ungated_deflation,3,-0.6693018120831651
5142-33396-0014_2961-960-0003_7021-85628-0009,s2,ungated_deflation,1,38.23529438498729
5142-33396-0014_2961-960-0003_7021-85628-0009,s2,ungated_deflation,2,-2.8951982229551376
5142-33396-0014_2961-960-0003_7021-85628-0009,s2,ungated_deflation,3,-13.208831823345829
5142-33396-0014_2961-960-0003_7021-85628-0009,s3,ungated_deflation,1,25.593084277611425
5142-33396-0014_2961-960-0003_7021-85628-0009,s3,ungated_deflation,2,-7.4841643185838365
5142-33396-0014_2961-960-0003_7021-85628-0009,s3,ungated_deflation,3,-11.434851369874686
5142-33396-0014_2961-960-0003_7021-85628-0009,s1,gated_deflation,1,inf
5142-33396-0014_2961-960-0003_7021-85628-0009,s1,gated_deflation,2,nan
5142-33396-0014_2961-960-0003_7021-85628-0009,s1,gated_deflation,3,-0.6693018120831651
5142-33396-0014_2961-960-0003_7021-85628-0009,s2,gated_deflation,1,40.54985084903557
5142-33396-0014_2961-960-0003_7021-85628-0009,s2,gated_deflation,2,9.519120416611313
5142-33396-0014_2961-960-0003_7021-85628-0009,s2,gated_deflation,3,4.743730195362488
5142-33396-0014_2961-960-0003_7021-85628-0009,s3,gated_deflation,1,24.16976469129352
5142-33396-0014_2961-960-0003_7021-85628-0009,s3,gated_deflation,2,-11.227544626313735
5142-33396-0014_2961-960-0003_7021-85628-0009,s3,gated_deflation,3,-8.277507652314
5142-33396-0014_2961-960-0003_7021-85628-0009,s1,coarse_to_fine,1,inf
5142-33396-0014_2961-960-0003_7021-85628-0009,s1,coarse_to_fine,2,nan
5142-33396-0014_2961-960-0003_7021-85628-0009,s1,coarse_to_fine,3,-3.04032145967427
5142-33396-0014_2961-960-0003_7021-85628-0009,s2,coarse_to_fine,1,41.20383393189926
5142-33396-0014_2961-960-0003_7021-85628-0009,s2,coarse_to_fine,2,9.487224234613402
5142-33396-0014_2961-960-0003_7021-85628-0009,s2,coarse_to_fine,3,6.27800973280209
5142-33396-0014_2961-960-0003_7021-85628-0009,s3,coarse_to_fine,1,24.16976469129352
5142-33396-0014_2961-960-0003_7021-85628-0009,s3,coarse_to_fine,2,-11.227544626313735
5142-33396-0014_2961-960-0003_7021-85628-0009,s3,coarse_to_fine,3,-8.277507652314
4970-29095-0001_2830-3980-0047_8224-274384-0002,s1,no_recursion,1,88.18235912541621
4970-29095-0001_2830-3980-0047_8224-274384-0002,s1,no_recursion,2,-0.6953021002532033
4970-29095-0001_2830-3980-0047_8224-274384-0002,s1,no_recursion,3,1.3390546505387158
4970-29095-0001_2830-3980-0047_8224-274384-0002,s2,no_recursion,1,inf
4970-29095-0001_2830-3980-0047_8224-274384-0002,s2,no_recursion,2,nan
4970-29095-0001_2830-3980-0047_8224-274384-0002,s2,no_recursion,3,-4.978364039693456
4970-29095-0001_2830-3980-0047_8224-274384-0002,s3,no_recursion,1,45.860017932527846
4970-29095-0001_2830-3980-0047_8224-274384-0002,s3,no_recursion,2,-0.5323638950029431
4970-29095-0001_2830-3980-0047_8224-274384-0002,s3,no_recursion,3,1.2368013196356806
4970-29095-0001_2830-3980-0047_8224-274384-0002,s1,ungated_deflation,1,78.21156288855886
4970-29095-0001_2830-3980-0047_8224-274384-0002,s1,ungated_deflation,2,-5.15647164217424
4970-29095-0001_2830-3980-0047_8224-274384-0002,s1,ungated_deflation,3,-20.90760566695661
4970-29095-0001_2830-3980-0047_8224-274384-0002,s2,ungated_deflation,1,inf
4970-29095-0001_2830-3980-0047_8224-274384-0002,s2,ungated_deflation,2,nan
4970-29095-0001_2830-3980-0047_8224-274384-0002,s2,ungated_deflation,3,-4.978364039693456
4970-29095-0001_2830-3980-0047_8224-274384-0002,s3,ungated_deflation,1,26.986719856941605
4970-29095-0001_2830-3980-0047_8224-274384-0002,s3,ungated_deflation,2,0.2671150055184539
4970-29095-0001_2830-3980-0047_8224-274384-0002,s3,ungated_deflation,3,1.4541299719772636
4970-29095-0001_2830-3980-0047_8224-274384-0002,s1,gated_deflation,1,70.58675926651505
4970-29095-0001_2830-3980-0047_8224-274384-0002,s1,gated_deflation,2,-4.298008791644554
4970-29095-0001_2830-3980-0047_8224-274384-0002,s1,gated_deflation,3,-2.7746982105510924
4970-29095-0001_2830-3980-0047_8224-274384-0002,s2,gated_deflation,1,inf
4970-29095-0001_2830-3980-0047_8224-274384-0002,s2,gated_deflation,2,nan
4970-29095-0001_2830-3980-0047_8224-274384-0002,s2,gated_deflation,3,-4.978364039693456
4970-29095-0001_2830-3980-0047_8224-274384-0002,s3,gated_deflation,1,45.860017932527846
4970-29095-0001_2830-3980-0047_8224-274384-0002,s3,gated_deflation,2,-0.5323638950029431
4970-29095-0001_2830-3980-0047_8224-274384-0002,s3,gated_deflation,3,1.2368013196356806
4970-29095-0001_2830-3980-0047_8224-274384-0002,s1,coarse_to_fine,1,84.41272796942948
4970-29095-0001_2830-3980-0047_8224-274384-0002,s1,coarse_to_fine,2,3.9649096029661166
4970-29095-0001_2830-3980-0047_8224-274384-0002,s1,coarse_to_fine,3,-0.14658301871082124
4970-29095-0001_2830-3980-0047_8224-274384-0002,s2,coarse_to_fine,1,inf
4970-29095-0001_2830-3980-0047_8224-274384-0002,s2,coarse_to_fine,2,nan
4970-29095-0001_2830-3980-0047_8224-274384-0002,s2,coarse_to_fine,3,-6.553190397051272
4970-29095-0001_2830-3980-0047_8224-274384-0002,s3,coarse_to_fine,1,35.01176554023169
4970-29095-0001_2830-3980-0047_8224-274384-0002,s3,coarse_to_fine,2,1.549805829973986
4970-29095-0001_2830-3980-0047_8224-274384-0002,s3,coarse_to_fine,3,3.7708041355632513
6930-75918-0011_2094-142345-0015_61-70968-0056,s1,no_recursion,1,inf
6930-75918-0011_2094-142345-0015_61-70968-0056,s1,no_recursion,2,nan
6930-75918-0011_2094-142345-0015_61-70968-0056,s1,no_recursion,3,-5.798627126664205
6930-75918-0011_2094-142345-0015_61-70968-0056,s2,no_recursion,1,37.34850129215115
6930-75918-0011_2094-142345-0015_61-70968-0056,s2,no_recursion,2,18.801886458235874
6930-75918-0011_2094-142345-0015_61-70968-0056,s2,no_recursion,3,7.587285182839637
6930-75918-0011_2094-142345-0015_61-70968-0056,s3,no_recursion,1,24.939119675712217
6930-75918-0011_2094-142345-0015_61-70968-0056,s3,no_recursion,2,-5.526537284942376
6930-75918-0011_2094-142345-0015_61-70968-0056,s3,no_recursion,3,2.8258107394260845
6930-75918-0011_2094-142345-0015_61-70968-0056,s1,ungated_deflation,1,inf
6930-75918-0011_2094-142345-0015_61-70968-0056,s1,ungated_deflation,2,nan
6930-75918-0011_2094-142345-0015_61-70968-0056,s1,ungated_deflation,3,-5.798627126664205
6930-75918-0011_2094-142345-0015_61-70968-0056,s2,ungated_deflation,1,42.997181802120046
6930-75918-0011_2094-142345-0015_61-70968-0056,s2,ungated_deflation,2,1.1987387524159483
6930-75918-0011_2094-142345-0015_61-70968-0056,s2,ungated_deflation,3,-13.974547356746296
6930-75918-0011_2094-142345-0015_61-70968-0056,s3,ungated_deflation,1,29.143088389884642
6930-75918-0011_2094-142345-0015_61-70968-0056,s3,ungated_deflation,2,-5.464163486914979
6930-75918-0011_2094-142345-0015_61-70968-0056,s3,ungated_deflation,3,-5.4661104664568105
6930-75918-0011_2094-142345-0015_61-70968-0056,s1,gated_deflation,1,inf
6930-75918-0011_2094-142345-0015_61-70968-0056,s1,gated_deflation,2,nan
6930-75918-0011_2094-142345-0015_61-70968-0056,s1,gated_deflation,3,-5.798627126664205
6930-75918-0011_2094-142345-0015_61-70968-0056,s2,gated_deflation,1,30.20582142436148
6930-75918-0011_2094-142345-0015_61-70968-0056,s2,gated_deflation,2,15.215430417217535
6930-75918-0011_2094-142345-0015_61-70968-0056,s2,gated_deflation,3,-2.1940756989046934
6930-75918-0011_2094-142345-0015_61-70968-0056,s3,gated_deflation,1,24.939119675712217
6930-75918-0011_2094-142345-0015_61-70968-0056,s3,gated_deflation,2,-5.526537284942376
6930-75918-0011_2094-142345-0015_61-70968-0056,s3,gated_deflation,3,2.8258107394260845
6930-75918-0011_2094-142345-0015_61-70968-0056,s1,coarse_to_fine,1,inf
6930-75918-0011_2094-142345-0015_61-70968-0056,s1,coarse_to_fine,2,nan
6930-75918-0011_2094-142345-0015_61-70968-0056,s1,coarse_to_fine,3,-6.9189177291983945
6930-75918-0011_2094-142345-0015_61-70968-0056,s2,coarse_to_fine,1,37.47829541861829
6930-75918-0011_2094-142345-0015_61-70968-0056,s2,coarse_to_fine,2,17.41372667518515
6930-75918-0011_2094-142345-0015_61-70968-0056,s2,coarse_to_fine,3,7.251253880750471
6930-75918-0011_2094-142345-0015_61-70968-0056,s3,coarse_to_fine,1,25.39993660983726
6930-75918-0011_2094-142345-0015_61-70968-0056,s3,coarse_to_fine,2,-5.52416403116333
6930-75918-0011_2094-142345-0015_61-70968-0056,s3,coarse_to_fine,3,1.8377389200293635
3570-5696-0000_5639-40744-0032_8455-210777-0025,s1,no_recursion,1,inf
3570-5696-0000_5639-40744-0032_8455-210777-0025,s1,no_recursion,2,4.1155254854676935
3570-5696-0000_5639-40744-0032_8455-210777-0025,s1,no_recursion,3,0.2738245284179561
3570-5696-0000_5639-40744-0032_8455-210777-0025,s2,no_recursion,1,38.3267580687147
3570-5696-0000_5639-40744-0032_8455-210777-0025,s2,no_recursion,2,1.2001310974410981
3570-5696-0000_5639-40744-0032_8455-210777-0025,s2,no_recursion,3,-2.5551048560829033
3570-5696-0000_5639-40744-0032_8455-210777-0025,s3,no_recursion,1,43.37283936000496
3570-5696-0000_5639-40744-0032_8455-210777-0025,s3,no_recursion,2,nan
3570-5696-0000_5639-40744-0032_8455-210777-0025,s3,no_recursion,3,-0.9768121589619184
3570-5696-0000_5639-40744-0032_8455-210777-0025,s1,ungated_deflation,1,inf
3570-5696-0000_5639-40744-0032_8455-210777-0025,s1,ungated_deflation,2,4.1155254854676935
3570-5696-0000_5639-40744-0032_8455-210777-0025,s1,ungated_deflation,3,0.2738245284179561
3570-5696-0000_5639-40744-0032_8455-210777-0025,s2,ungated_deflation,1,31.07340985546216
3570-5696-0000_5639-40744-0032_8455-210777-0025,s2,ungated_deflation,2,-7.518420658116295
3570-5696-0000_5639-40744-0032_8455-210777-0025,s2,ungated_deflation,3,-29.020747472467
3570-5696-0000_5639-40744-0032_8455-210777-0025,s3,ungated_deflation,1,35.08340889602834
3570-5696-0000_5639-40744-0032_8455-210777-0025,s3,ungated_deflation,2,nan
3570-5696-0000_5639-40744-0032_8455-210777-0025,s3,ungated_deflation,3,-5.857991970340157
3570-5696-0000_5639-40744-0032_8455-210777-0025,s1,gated_deflation,1,inf
3570-5696-0000_5639-40744-0032_8455-210777-0025,s1,gated_deflation,2,4.1155254854676935
3570-5696-0000_5639-40744-0032_8455-210777-0025,s1,gated_deflation,3,0.2738245284179561
3570-5696-0000_5639-40744-0032_8455-210777-0025,s2,gated_deflation,1,33.853937959733486
3570-5696-0000_5639-40744-0032_8455-210777-0025,s2,gated_deflation,2,-2.2337634427855213
3570-5696-0000_5639-40744-0032_8455-210777-0025,s2,gated_deflation,3,-11.240060557252312
3570-5696-0000_5639-40744-0032_8455-210777-0025,s3,gated_deflation,1,43.37283936000496
3570-5696-0000_5639-40744-0032_8455-210777-0025,s3,gated_deflation,2,nan
3570-5696-0000_5639-40744-0032_8455-210777-0025,s3,gated_deflation,3,-0.9768121589619184
3570-5696-0000_5639-40744-0032_8455-210777-0025,s1,coarse_to_fine,1,inf
3570-5696-0000_5639-40744-0032_8455-210777-0025,s1,coarse_to_fine,2,4.031277612402245
3570-5696-0000_5639-40744-0032_8455-210777-0025,s1,coarse_to_fine,3,-1.1550003623858405
3570-5696-0000_5639-40744-0032_8455-210777-0025,s2,coarse_to_fine,1,38.690868846036146
3570-5696-0000_5639-40744-0032_8455-210777-0025,s2,coarse_to_fine,2,-1.1667997699286832
3570-5696-0000_5639-40744-0032_8455-210777-0025,s2,coarse_to_fine,3,-4.3351174144120375
3570-5696-0000_5639-40744-0032_8455-210777-0025,s3,coarse_to_fine,1,42.59240690879285
3570-5696-0000_5639-40744-0032_8455-210777-0025,s3,coarse_to_fine,2,nan
3570-5696-0000_5639-40744-0032_8455-210777-0025,s3,coarse_to_fine,3,-0.2153979995830835
8455-210777-0069_1580-141083-0036_1995-1837-0007,s1,no_recursion,1,72.75513002163132
8455-210777-0069_1580-141083-0036_1995-1837-0007,s1,no_recursion,2,-3.400354386849242
8455-210777-0069_1580-141083-0036_1995-1837-0007,s1,no_recursion,3,-2.987536835124276
8455-210777-0069_1580-141083-0036_1995-1837-0007,s2,no_recursion,1,inf
8455-210777-0069_1580-141083-0036_1995-1837-0007,s2,no_recursion,2,nan
8455-210777-0069_1580-141083-0036_1995-1837-0007,s2,no_recursion,3,-5.536527005764999
8455-210777-0069_1580-141083-0036_1995-1837-0007,s3,no_recursion,1,27.453470319626625
8455-210777-0069_1580-141083-0036_1995-1837-0007,s3,no_recursion,2,9.449240809334038
8455-210777-0069_1580-141083-0036_1995-1837-0007,s3,no_recursion,3,4.65091909102334
8455-210777-0069_1580-141083-0036_1995-1837-0007,s1,ungated_deflation,1,72.75513002163132
8455-210777-0069_1580-141083-0036_1995-1837-0007,s1,ungated_deflation,2,-3.400354386849242
8455-210777-0069_1580-141083-0036_1995-1837-0007,s1,ungated_deflation,3,-2.987536835124276
8455-210777-0069_1580-141083-0036_1995-1837-0007,s2,ungated_deflation,1,inf
8455-210777-0069_1580-141083-0036_1995-1837-0007,s2,ungated_deflation,2,nan
8455-210777-0069_1580-141083-0036_1995-1837-0007,s2,ungated_deflation,3,-7.59041610917988
8455-210777-0069_1580-141083-0036_1995-1837-0007,s3,ungated_deflation,1,5.837915861724198
8455-210777-0069_1580-141083-0036_1995-1837-0007,s3,ungated_deflation,2,0.7538779406840106
8455-210777-0069_1580-141083-0036_1995-1837-0007,s3,ungated_deflation,3,-3.6882428427923832
8455-210777-0069_1580-141083-0036_1995-1837-0007,s1,gated_deflation,1,72.75513002163132
8455-210777-0069_1580-141083-0036_1995-1837-0007,s1,gated_deflation,2,-3.400354386849242
8455-210777-0069_1580-141083-0036_1995-1837-0007,s1,gated_deflation,3,-2.987536835124276
8455-210777-0069_1580-141083-0036_1995-1837-0007,s2,gated_deflation,1,inf
8455-210777-0069_1580-141083-0036_1995-1837-0007,s2,gated_deflation,2,nan
8455-210777-0069_1580-141083-0036_1995-1837-0007,s2,gated_deflation,3,-7.59041610917988
8455-210777-0069_1580-141083-0036_1995-1837-0007,s3,gated_deflation,1,5.837915861724198
8455-210777-0069_1580-141083-0036_1995-1837-0007,s3,gated_deflation,2,0.7538779406840106
8455-210777-0069_1580-141083-0036_1995-1837-0007,s3,gated_deflation,3,-3.6882428427923832
8455-210777-0069_1580-141083-0036_1995-1837-0007,s1,coarse_to_fine,1,68.35776389314228
8455-210777-0069_1580-141083-0036_1995-1837-0007,s1,coarse_to_fine,2,-16.141874407057383
8455-210777-0069_1580-141083-0036_1995-1837-0007,s1,coarse_to_fine,3,-14.365698920911022
8455-210777-0069_1580-141083-0036_1995-1837-0007,s2,coarse_to_fine,1,inf
8455-210777-0069_1580-141083-0036_1995-1837-0007,s2,coarse_to_fine,2,nan
8455-210777-0069_1580-141083-0036_1995-1837-0007,s2,coarse_to_fine,3,-9.362535395465256
8455-210777-0069_1580-141083-0036_1995-1837-0007,s3,coarse_to_fine,1,24.19405409613992
8455-210777-0069_1580-141083-0036_1995-1837-0007,s3,coarse_to_fine,2,10.749298350425585
8455-210777-0069_1580-141083-0036_1995-1837-0007,s3,coarse_to_fine,3,6.993163785794724
1320-122617-0021_8455-210777-0014_5683-32866-0024,s1,no_recursion,1,inf
1320-122617-0021_8455-210777-0014_5683-32866-0024,s1,no_recursion,2,8.787089739546408
1320-122617-0021_8455-210777-0014_5683-32866-0024,s1,no_recursion,3,-2.570961280811101
1320-122617-0021_8455-210777-0014_5683-32866-0024,s2,no_recursion,1,inf
1320-122617-0021_8455-210777-0014_5683-32866-0024,s2,no_recursion,2,nan
1320-122617-0021_8455-210777-0014_5683-32866-0024,s2,no_recursion,3,1.7007473565344189
1320-122617-0021_8455-210777-0014_5683-32866-0024,s3,no_recursion,1,40.602937844939795
1320-122617-0021_8455-210777-0014_5683-32866-0024,s3,no_recursion,2,13.986091409760363
1320-122617-0021_8455-210777-0014_5683-32866-0024,s3,no_recursion,3,5.637774435448764
1320-122617-0021_8455-210777-0014_5683-32866-0024,s1,ungated_deflation,1,inf
1320-122617-0021_8455-210777-0014_5683-32866-0024,s1,ungated_deflation,2,8.787089739546408
1320-122617-0021_8455-210777-0014_5683-32866-0024,s1,ungated_deflation,3,-2.570961280811101
1320-122617-0021_8455-210777-0014_5683-32866-0024,s2,ungated_deflation,1,inf
1320-122617-0021_8455-210777-0014_5683-32866-0024,s2,ungated_deflation,2,nan
1320-122617-0021_8455-210777-0014_5683-32866-0024,s2,ungated_deflation,3,1.1324992891716292
1320-122617-0021_8455-210777-0014_5683-32866-0024,s3,ungated_deflation,1,8.573815345926137
1320-122617-0021_8455-210777-0014_5683-32866-0024,s3,ungated_deflation,2,2.509988567758379
1320-122617-0021_8455-210777-0014_5683-32866-0024,s3,ungated_deflation,3,-26.2940669008062
1320-122617-0021_8455-210777-0014_5683-32866-0024,s1,gated_deflation,1,inf
1320-122617-0021_8455-210777-0014_5683-32866-0024,s1,gated_deflation,2,8.787089739546408
1320-122617-0021_8455-210777-0014_5683-32866-0024,s1,gated_deflation,3,-2.570961280811101
1320-122617-0021_8455-210777-0014_5683-32866-0024,s2,gated_deflation,1,inf
1320-122617-0021_8455-210777-0014_5683-32866-0024,s2,gated_deflation,2,nan
1320-122617-0021_8455-210777-0014_5683-32866-0024,s2,gated_deflation,3,1.7007473565344189
1320-122617-0021_8455-210777-0014_5683-32866-0024,s3,gated_deflation,1,29.381036630503985
1320-122617-0021_8455-210777-0014_5683-32866-0024,s3,gated_deflation,2,8.283368864901806
1320-122617-0021_8455-210777-0014_5683-32866-0024,s3,gated_deflation,3,-5.148739842348497
1320-122617-0021_8455-210777-0014_5683-32866-0024,s1,coarse_to_fine,1,inf
1320-122617-0021_8455-210777-0014_5683-32866-0024,s1,coarse_to_fine,2,8.098675185948291
1320-122617-0021_8455-210777-0014_5683-32866-0024,s1,coarse_to_fine,3,-2.5290227156773653
1320-122617-0021_8455-210777-0014_5683-32866-0024,s2,coarse_to_fine,1,inf
1320-122617-0021_8455-210777-0014_5683-32866-0024,s2,coarse_to_fine,2,nan
1320-122617-0021_8455-210777-0014_5683-32866-0024,s2,coarse_to_fine,3,1.3250319548353497
1320-122617-0021_8455-210777-0014_5683-32866-0024,s3,coarse_to_fine,1,38.894126245161154
1320-122617-0021_8455-210777-0014_5683-32866-0024,s3,coarse_to_fine,2,13.976988568123739
1320-122617-0021_8455-210777-0014_5683-32866-0024,s3,coarse_to_fine,3,5.1052966240669
4507-16021-0045_4077-13754-0014_1580-141084-0029,s1,no_recursion,1,inf
4507-16021-0045_4077-13754-0014_1580-141084-0029,s1,no_recursion,2,nan
4507-16021-0045_4077-13754-0014_1580-141084-0029,s1,no_recursion,3,1.9337691460078799
4507-16021-0045_4077-13754-0014_1580-141084-0029,s2,no_recursion,1,51.53314196842579
4507-16021-0045_4077-13754-0014_1580-141084-0029,s2,no_recursion,2,8.879310789262222
4507-16021-0045_4077-13754-0014_1580-141084-0029,s2,no_recursion,3,5.152441802388957
4507-16021-0045_4077-13754-0014_1580-141084-0029,s3,no_recursion,1,32.08916489577452
4507-16021-0045_4077-13754-0014_1580-141084-0029,s3,no_recursion,2,2.4857312328172463
4507-16021-0045_4077-13754-0014_1580-141084-0029,s3,no_recursion,3,-2.822137263237432
4507-16021-0045_4077-13754-0014_1580-141084-0029,s1,ungated_deflation,1,inf
4507-16021-0045_4077-13754-0014_1580-141084-0029,s1,ungated_deflation,2,nan
4507-16021-0045_4077-13754-0014_1580-141084-0029,s1,ungated_deflation,3,1.9337691460078799
4507-16021-0045_4077-13754-0014_1580-141084-0029,s2,ungated_deflation,1,56.245567109819696
4507-16021-0045_4077-13754-0014_1580-141084-0029,s2,ungated_deflation,2,-4.52591390515717
4507-16021-0045_4077-13754-0014_1580-141084-0029,s2,ungated_deflation,3,-6.968923949014474
4507-16021-0045_4077-13754-0014_1580-141084-0029,s3,ungated_deflation,1,17.191519878255047
4507-16021-0045_4077-13754-0014_1580-141084-0029,s3,ungated_deflation,2,2.340431366780412
4507-16021-0045_4077-13754-0014_1580-141084-0029,s3,ungated_deflation,3,-5.06068422484921
4507-16021-0045_4077-13754-0014_1580-141084-0029,s1,gated_deflation,1,inf
4507-16021-0045_4077-13754-0014_1580-141084-0029,s1,gated_deflation,2,nan
4507-16021-0045_4077-13754-0014_1580-141084-0029,s1,gated_deflation,3,1.9337691460078799
4507-16021-0045_4077-13754-0014_1580-141084-0029,s2,gated_deflation,1,57.37170476605915
4507-16021-0045_4077-13754-0014_1580-141084-0029,s2,gated_deflation,2,-2.5389849920496816
4507-16021-0045_4077-13754-0014_1580-141084-0029,s2,gated_deflation,3,-3.6380771467550628
4507-16021-0045_4077-13754-0014_1580-141084-0029,s3,gated_deflation,1,32.08916489577452
4507-16021-0045_4077-13754-0014_1580-141084-0029,s3,gated_deflation,2,2.4857312328172463
4507-16021-0045_4077-13754-0014_1580-141084-0029,s3,gated_deflation,3,-2.822137263237432
4507-16021-0045_4077-13754-0014_1580-141084-0029,s1,coarse_to_fine,1,inf
4507-16021-0045_4077-13754-0014_1580-141084-0029,s1,coarse_to_fine,2,nan
4507-16021-0045_4077-13754-0014_1580-141084-0029,s1,coarse_to_fine,3,1.398068203086895
4507-16021-0045_4077-13754-0014_1580-141084-0029,s2,coarse_to_fine,1,49.943609284236814
4507-16021-0045_4077-13754-0014_1580-141084-0029,s2,coarse_to_fine,2,7.946310917924341
4507-16021-0045_4077-13754-0014_1580-141084-0029,s2,coarse_to_fine,3,4.381581806331621
4507-16021-0045_4077-13754-0014_1580-141084-0029,s3,coarse_to_fine,1,27.968908947482163
4507-16021-0045_4077-13754-0014_1580-141084-0029,s3,coarse_to_fine,2,2.5028041153093534
4507-16021-0045_4077-13754-0014_1580-141084-0029,s3,coarse_to_fine,3,-3.6014130234161748
8224-274381-0006_4446-2275-0012_6829-68769-0002,s1,no_recursion,1,66.39566025308557
8224-274381-0006_4446-2275-0012_6829-68769-0002,s1,no_recursion,2,12.140010460001369
8224-274381-0006_4446-2275-0012_6829-68769-0002,s1,no_recursion,3,3.245200335996098
8224-274381-0006_4446-2275-0012_6829-68769-0002,s2,no_recursion,1,inf
8224-274381-0006_4446-2275-0012_6829-68769-0002,s2,no_recursion,2,3.529388643096854
8224-274381-0006_4446-2275-0012_6829-68769-0002,s2,no_recursion,3,-4.028854686963852
8224-274381-0006_4446-2275-0012_6829-68769-0002,s3,no_recursion,1,21.891187832010445
8224-274381-0006_4446-2275-0012_6829-68769-0002,s3,no_recursion,2,nan
8224-274381-0006_4446-2275-0012_6829-68769-0002,s3,no_recursion,3,2.847168956038443
8224-274381-0006_4446-2275-0012_6829-68769-0002,s1,ungated_deflation,1,64.33371862079892
8224-274381-0006_4446-2275-0012_6829-68769-0002,s1,ungated_deflation,2,-6.9314966257300705
8224-274381-0006_4446-2275-0012_6829-68769-0002,s1,ungated_deflation,3,-10.522699885913326
8224-274381-0006_4446-2275-0012_6829-68769-0002,s2,ungated_deflation,1,inf
8224-274381-0006_4446-2275-0012_6829-68769-0002,s2,ungated_deflation,2,3.529388643096854
8224-274381-0006_4446-2275-0012_6829-68769-0002,s2,ungated_deflation,3,-4.028854686963852
8224-274381-0006_4446-2275-0012_6829-68769-0002,s3,ungated_deflation,1,23.97067860092552
8224-274381-0006_4446-2275-0012_6829-68769-0002,s3,ungated_deflation,2,nan
8224-274381-0006_4446-2275-0012_6829-68769-0002,s3,ungated_deflation,3,-4.703644854795602
8224-274381-0006_4446-2275-0012_6829-68769-0002,s1,gated_deflation,1,64.83823791423325
8224-274381-0006_4446-2275-0012_6829-68769-0002,s1,gated_deflation,2,-7.053707685266519
8224-274381-0006_4446-2275-0012_6829-68769-0002,s1,gated_deflation,3,-9.723777292425419
8224-274381-0006_4446-2275-0012_6829-68769-0002,s2,gated_deflation,1,inf
8224-274381-0006_4446-2275-0012_6829-68769-0002,s2,gated_deflation,2,3.529388643096854
8224-274381-0006_4446-2275-0012_6829-68769-0002,s2,gated_deflation,3,-4.028854686963852
8224-274381-0006_4446-2275-0012_6829-68769-0002,s3,gated_deflation,1,23.97067860092552
8224-274381-0006_4446-2275-0012_6829-68769-0002,s3,gated_deflation,2,nan
8224-274381-0006_4446-2275-0012_6829-68769-0002,s3,gated_deflation,3,-4.703644854795602
8224-274381-0006_4446-2275-0012_6829-68769-0002,s1,coarse_to_fine,1,66.46019537324948
8224-274381-0006_4446-2275-0012_6829-68769-0002,s1,coarse_to_fine,2,12.144208669539287
8224-274381-0006_4446-2275-0012_6829-68769-0002,s1,coarse_to_fine,3,4.377548046368631
8224-274381-0006_4446-2275-0012_6829-68769-0002,s2,coarse_to_fine,1,inf
8224-274381-0006_4446-2275-0012_6829-68769-0002,s2,coarse_to_fine,2,1.3455840673268935
8224-274381-0006_4446-2275-0012_6829-68769-0002,s2,coarse_to_fine,3,-6.842541754045817
8224-274381-0006_4446-2275-0012_6829-68769-0002,s3,coarse_to_fine,1,23.039912801595573
8224-274381-0006_4446-2275-0012_6829-68769-0002,s3,coarse_to_fine,2,nan
8224-274381-0006_4446-2275-0012_6829-68769-0002,s3,coarse_to_fine,3,2.642240398961545
1580-141083-0013_4992-41806-0016_6829-68771-0019,s1,no_recursion,1,inf
1580-141083-0013_4992-41806-0016_6829-68771-0019,s1,no_recursion,2,nan
1580-141083-0013_4992-41806-0016_6829-68771-0019,s1,no_recursion,3,-11.152622731396528
1580-141083-0013_4992-41806-0016_6829-68771-0019,s2,no_recursion,1,39.876781238923215
1580-141083-0013_4992-41806-0016_6829-68771-0019,s2,no_recursion,2,0.7782235264920746
1580-141083-0013_4992-41806-0016_6829-68771-0019,s2,no_recursion,3,1.9004934752812555
1580-141083-0013_4992-41806-0016_6829-68771-0019,s3,no_recursion,1,24.016584240890083
1580-141083-0013_4992-41806-0016_6829-68771-0019,s3,no_recursion,2,-1.6358099373158852
1580-141083-0013_4992-41806-0016_6829-68771-0019,s3,no_recursion,3,-2.632959557273484
1580-141083-0013_4992-41806-0016_6829-68771-0019,s1,ungated_deflation,1,inf
1580-141083-0013_4992-41806-0016_6829-68771-0019,s1,ungated_deflation,2,nan
1580-141083-0013_4992-41806-0016_6829-68771-0019,s1,ungated_deflation,3,-11.152622731396528
1580-141083-0013_4992-41806-0016_6829-68771-0019,s2,ungated_deflation,1,40.04967003534106
1580-141083-0013_4992-41806-0016_6829-68771-0019,s2,ungated_deflation,2,-4.2719308529810105
1580-141083-0013_4992-41806-0016_6829-68771-0019,s2,ungated_deflation,3,-5.750940752893835
1580-141083-0013_4992-41806-0016_6829-68771-0019,s3,ungated_deflation,1,17.418968330938167
1580-141083-0013_4992-41806-0016_6829-68771-0019,s3,ungated_deflation,2,-1.5931991383035937
1580-141083-0013_4992-41806-0016_6829-68771-0019,s3,ungated_deflation,3,-4.066221460497056
1580-141083-0013_4992-41806-0016_6829-68771-0019,s1,gated_deflation,1,inf
1580-141083-0013_4992-41806-0016_6829-68771-0019,s1,gated_deflation,2,nan
1580-141083-0013_4992-41806-0016_6829-68771-0019,s1,gated_deflation,3,-11.152622731396528
1580-141083-0013_4992-41806-0016_6829-68771-0019,s2,gated_deflation,1,39.876781238923215
1580-141083-0013_4992-41806-0016_6829-68771-0019,s2,gated_deflation,2,0.7782235264920746
1580-141083-0013_4992-41806-0016_6829-68771-0019,s2,gated_deflation,3,1.9004934752812555
1580-141083-0013_4992-41806-0016_6829-68771-0019,s3,gated_deflation,1,24.016584240890083
1580-141083-0013_4992-41806-0016_6829-68771-0019,s3,gated_deflation,2,-1.6358099373158852
1580-141083-0013_4992-41806-0016_6829-68771-0019,s3,gated_deflation,3,-2.632959557273484
1580-141083-0013_4992-41806-0016_6829-68771-0019,s1,coarse_to_fine,1,inf
1580-141083-0013_4992-41806-0016_6829-68771-0019,s1,coarse_to_fine,2,nan
1580-141083-0013_4992-41806-0016_6829-68771-0019,s1,coarse_to_fine,3,-11.152622731396528
1580-141083-0013_4992-41806-0016_6829-68771-0019,s2,coarse_to_fine,1,39.86396488619965
1580-141083-0013_4992-41806-0016_6829-68771-0019,s2,coarse_to_fine,2,0.07111357084922539
1580-141083-0013_4992-41806-0016_6829-68771-0019,s2,coarse_to_fine,3,1.2691608822969407
1580-141083-0013_4992-41806-0016_6829-68771-0019,s3,coarse_to_fine,1,23.798386941144322
1580-141083-0013_4992-41806-0016_6829-68771-0019,s3,coarse_to_fine,2,-1.6872180211575547
1580-141083-0013_4992-41806-0016_6829-68771-0019,s3,coarse_to_fine,3,-2.860220428449019
7127-75946-0014_7729-102255-0038_1284-134647-0002,s1,no_recursion,1,inf
7127-75946-0014_7729-102255-0038_1284-134647-0002,s1,no_recursion,2,-4.600550697886479
7127-75946-0014_7729-102255-0038_1284-134647-0002,s1,no_recursion,3,-7.253763098762186
7127-75946-0014_7729-102255-0038_1284-134647-0002,s2,no_recursion,1,inf
7127-75946-0014_7729-102255-0038_1284-134647-0002,s2,no_recursion,2,nan
7127-75946-0014_7729-102255-0038_1284-134647-0002,s2,no_recursion,3,-2.5363019801278353
7127-75946-0014_7729-102255-0038_1284-134647-0002,s3,no_recursion,1,50.063809521420104
7127-75946-0014_7729-102255-0038_1284-134647-0002,s3,no_recursion,2,4.102374373911169
7127-75946-0014_7729-102255-0038_1284-134647-0002,s3,no_recursion,3,1.7814276087352532
7127-75946-0014_7729-102255-0038_1284-134647-0002,s1,ungated_deflation,1,inf
7127-75946-0014_7729-102255-0038_1284-134647-0002,s1,ungated_deflation,2,-4.600550697886479
7127-75946-0014_7729-102255-0038_1284-134647-0002,s1,ungated_deflation,3,-7.253763098762186
7127-75946-0014_7729-102255-0038_1284-134647-0002,s2,ungated_deflation,1,inf
7127-75946-0014_7729-102255-0038_1284-134647-0002,s2,ungated_deflation,2,nan
7127-75946-0014_7729-102255-0038_1284-134647-0002,s2,ungated_deflation,3,-3.8402930167024687
7127-75946-0014_7729-102255-0038_1284-134647-0002,s3,ungated_deflation,1,30.27540858909863
7127-75946-0014_7729-102255-0038_1284-134647-0002,s3,ungated_deflation,2,-2.348533955241709
7127-75946-0014_7729-102255-0038_1284-134647-0002,s3,ungated_deflation,3,-8.885690386815487
7127-75946-0014_7729-102255-0038_1284-134647-0002,s1,gated_deflation,1,inf
7127-75946-0014_7729-102255-0038_1284-134647-0002,s1,gated_deflation,2,-4.600550697886479
7127-75946-0014_7729-102255-0038_1284-134647-0002,s1,gated_deflation,3,-7.253763098762186
7127-75946-0014_7729-102255-0038_1284-134647-0002,s2,gated_deflation,1,inf
7127-75946-0014_7729-102255-0038_1284-134647-0002,s2,gated_deflation,2,nan
7127-75946-0014_7729-102255-0038_1284-134647-0002,s2,gated_deflation,3,-2.5363019801278353
7127-75946-0014_7729-102255-0038_1284-134647-0002,s3,gated_deflation,1,46.45835512027367
7127-75946-0014_7729-102255-0038_1284-134647-0002,s3,gated_deflation,2,1.977197848615556
7127-75946-0014_7729-102255-0038_1284-134647-0002,s3,gated_deflation,3,-2.643384644487823
7127-75946-0014_7729-102255-0038_1284-134647-0002,s1,coarse_to_fine,1,inf
7127-75946-0014_7729-102255-0038_1284-134647-0002,s1,coarse_to_fine,2,-3.906676664232588
7127-75946-0014_7729-102255-0038_1284-134647-0002,s1,coarse_to_fine,3,-8.061744330104526
7127-75946-0014_7729-102255-0038_1284-134647-0002,s2,coarse_to_fine,1,inf
7127-75946-0014_7729-102255-0038_1284-134647-0002,s2,coarse_to_fine,2,nan
7127-75946-0014_7729-102255-0038_1284-134647-0002,s2,coarse_to_fine,3,-2.30467504514456
7127-75946-0014_7729-102255-0038_1284-134647-0002,s3,coarse_to_fine,1,47.0333345910053
7127-75946-0014_7729-102255-0038_1284-134647-0002,s3,coarse_to_fine,2,0.36288742898619336
7127-75946-0014_7729-102255-0038_1284-134647-0002,s3,coarse_to_fine,3,-1.0021511822585012
1580-141083-0023_2300-131720-0013_61-70970-0024,s1,no_recursion,1,inf
1580-141083-0023_2300-131720-0013_61-70970-0024,s1,no_recursion,2,nan
1580-141083-0023_2300-131720-0013_61-70970-0024,s1,no_recursion,3,4.511324605793824
1580-141083-0023_2300-131720-0013_61-70970-0024,s2,no_recursion,1,49.41413291318587
1580-141083-0023_2300-131720-0013_61-70970-0024,s2,no_recursion,2,2.0036315845830424
1580-141083-0023_2300-131720-0013_61-70970-0024,s2,no_recursion,3,1.488969035101873
1580-141083-0023_2300-131720-0013_61-70970-0024,s3,no_recursion,1,33.6144388027043
1580-141083-0023_2300-131720-0013_61-70970-0024,s3,no_recursion,2,-3.019829243228215
1580-141083-0023_2300-131720-0013_61-70970-0024,s3,no_recursion,3,-1.3696767096043092
1580-141083-0023_2300-131720-0013_61-70970-0024,s1,ungated_deflation,1,inf
1580-141083-0023_2300-131720-0013_61-70970-0024,s1,ungated_deflation,2,nan
1580-141083-0023_2300-131720-0013_61-70970-0024,s1,ungated_deflation,3,4.511324605793824
1580-141083-0023_2300-131720-0013_61-70970-0024,s2,ungated_deflation,1,36.38195986809706
1580-141083-0023_2300-131720-0013_61-70970-0024,s2,ungated_deflation,2,0.5953079584431119
1580-141083-0023_2300-131720-0013_61-70970-0024,s2,ungated_deflation,3,-4.490417898418803
1580-141083-0023_2300-131720-0013_61-70970-0024,s3,ungated_deflation,1,21.226198188148775
1580-141083-0023_2300-131720-0013_61-70970-0024,s3,ungated_deflation,2,-2.5616907141647256
1580-141083-0023_2300-131720-0013_61-70970-0024,s3,ungated_deflation,3,-7.180216555587043
1580-141083-0023_2300-131720-0013_61-70970-0024,s1,gated_deflation,1,inf
1580-141083-0023_2300-131720-0013_61-70970-0024,s1,gated_deflation,2,nan
1580-141083-0023_2300-131720-0013_61-70970-0024,s1,gated_deflation,3,4.511324605793824
1580-141083-0023_2300-131720-0013_61-70970-0024,s2,gated_deflation,1,50.9561058046819
1580-141083-0023_2300-131720-0013_61-70970-0024,s2,gated_deflation,2,0.6027279839498944
1580-141083-0023_2300-131720-0013_61-70970-0024,s2,gated_deflation,3,0.17639862170606843
1580-141083-0023_2300-131720-0013_61-70970-0024,s3,gated_deflation,1,33.6144388027043
1580-141083-0023_2300-131720-0013_61-70970-0024,s3,gated_deflation,2,-3.019829243228215
1580-141083-0023_2300-131720-0013_61-70970-0024,s3,gated_deflation,3,-1.3696767096043092
1580-141083-0023_2300-131720-0013_61-70970-0024,s1,coarse_to_fine,1,inf
1580-141083-0023_2300-131720-0013_61-70970-0024,s1,coarse_to_fine,2,nan
1580-141083-0023_2300-131720-0013_61-70970-0024,s1,coarse_to_fine,3,4.74760212486311
1580-141083-0023_2300-131720-0013_61-70970-0024,s2,coarse_to_fine,1,49.886185629209706
1580-141083-0023_2300-131720-0013_61-70970-0024,s2,coarse_to_fine,2,1.6649024059505921
1580-141083-0023_2300-131720-0013_61-70970-0024,s2,coarse_to_fine,3,0.5896691743405419
1580-141083-0023_2300-131720-0013_61-70970-0024,s3,coarse_to_fine,1,34.56144301210497
1580-141083-0023_2300-131720-0013_61-70970-0024,s3,coarse_to_fine,2,-3.0586743926668865
1580-141083-0023_2300-131720-0013_61-70970-0024,s3,coarse_to_fine,3,-1.6716520052550454
1320-122617-0029_1089-134691-0019_2830-3979-0011,s1,no_recursion,1,inf
1320-122617-0029_1089-134691-0019_2830-3979-0011,s1,no_recursion,2,-1.0598309191686863
1320-122617-0029_1089-134691-0019_2830-3979-0011,s1,no_recursion,3,0.43220129852482086
1320-122617-0029_1089-134691-0019_2830-3979-0011,s2,no_recursion,1,inf
1320-122617-0029_1089-134691-0019_2830-3979-0011,s2,no_recursion,2,nan
1320-122617-0029_1089-134691-0019_2830-3979-0011,s2,no_recursion,3,-3.6784469160997606
1320-122617-0029_1089-134691-0019_2830-3979-0011,s3,no_recursion,1,44.099788289759985
1320-122617-0029_1089-134691-0019_2830-3979-0011,s3,no_recursion,2,2.153608053426824
1320-122617-0029_1089-134691-0019_2830-3979-0011,s3,no_recursion,3,-2.6596825442346406
1320-122617-0029_1089-134691-0019_2830-3979-0011,s1,ungated_deflation,1,inf
1320-122617-0029_1089-134691-0019_2830-3979-0011,s1,ungated_deflation,2,-1.0598309191686863
1320-122617-0029_1089-134691-0019_2830-3979-0011,s1,ungated_deflation,3,0.43220129852482086
1320-122617-0029_1089-134691-0019_2830-3979-0011,s2,ungated_deflation,1,inf
1320-122617-0029_1089-134691-0019_2830-3979-0011,s2,ungated_deflation,2,nan
1320-122617-0029_1089-134691-0019_2830-3979-0011,s2,ungated_deflation,3,-5.689336773582711
1320-122617-0029_1089-134691-0019_2830-3979-0011,s3,ungated_deflation,1,18.184097183294725
1320-122617-0029_1089-134691-0019_2830-3979-0011,s3,ungated_deflation,2,-8.277823564880403
1320-122617-0029_1089-134691-0019_2830-3979-0011,s3,ungated_deflation,3,-13.9152381138227
1320-122617-0029_1089-134691-0019_2830-3979-0011,s1,gated_deflation,1,inf
1320-122617-0029_1089-134691-0019_2830-3979-0011,s1,gated_deflation,2,-1.0598309191686863
1320-122617-0029_1089-134691-0019_2830-3979-0011,s1,gated_deflation,3,0.43220129852482086
1320-122617-0029_1089-134691-0019_2830-3979-0011,s2,gated_deflation,1,inf
1320-122617-0029_1089-134691-0019_2830-3979-0011,s2,gated_deflation,2,nan
1320-122617-0029_1089-134691-0019_2830-3979-0011,s2,gated_deflation,3,-5.689336773582711
1320-122617-0029_1089-134691-0019_2830-3979-0011,s3,gated_deflation,1,18.184097183294725
1320-122617-0029_1089-134691-0019_2830-3979-0011,s3,gated_deflation,2,-8.277823564880403
1320-122617-0029_1089-134691-0019_2830-3979-0011,s3,gated_deflation,3,-13.9152381138227
1320-122617-0029_1089-134691-0019_2830-3979-0011,s1,coarse_to_fine,1,inf
1320-122617-0029_1089-134691-0019_2830-3979-0011,s1,coarse_to_fine,2,5.5047760929628655
1320-122617-0029_1089-134691-0019_2830-3979-0011,s1,coarse_to_fine,3,0.0719113924565465
1320-122617-0029_1089-134691-0019_2830-3979-0011,s2,coarse_to_fine,1,inf
1320-122617-0029_1089-134691-0019_2830-3979-0011,s2,coarse_to_fine,2,nan
1320-122617-0029_1089-134691-0019_2830-3979-0011,s2,coarse_to_fine,3,-5.70480158936406
1320-122617-0029_1089-134691-0019_2830-3979-0011,s3,coarse_to_fine,1,49.40425452328406
1320-122617-0029_1089-134691-0019_2830-3979-0011,s3,coarse_to_fine,2,-3.751574861004122
1320-122617-0029_1089-134691-0019_2830-3979-0011,s3,coarse_to_fine,3,-4.1503332693763415
7127-75946-0003_3575-170457-0050_260-123288-0013,s1,no_recursion,1,inf
7127-75946-0003_3575-170457-0050_260-123288-0013,s1,no_recursion,2,nan
7127-75946-0003_3575-170457-0050_260-123288-0013,s1,no_recursion,3,1.8819315328689594
7127-75946-0003_3575-170457-0050_260-123288-0013,s2,no_recursion,1,inf
7127-75946-0003_3575-170457-0050_260-123288-0013,s2,no_recursion,2,9.229955998143662
7127-75946-0003_3575-170457-0050_260-123288-0013,s2,no_recursion,3,6.480249032964542
7127-75946-0003_3575-170457-0050_260-123288-0013,s3,no_recursion,1,31.292961511713607
7127-75946-0003_3575-170457-0050_260-123288-0013,s3,no_recursion,2,6.763719771484577
7127-75946-0003_3575-170457-0050_260-123288-0013,s3,no_recursion,3,-6.168594288652468
7127-75946-0003_3575-170457-0050_260-123288-0013,s1,ungated_deflation,1,inf
7127-75946-0003_3575-170457-0050_260-123288-0013,s1,ungated_deflation,2,nan
7127-75946-0003_3575-170457-0050_260-123288-0013,s1,ungated_deflation,3,1.8819315328689594
7127-75946-0003_3575-170457-0050_260-123288-0013,s2,ungated_deflation,1,inf
7127-75946-0003_3575-170457-0050_260-123288-0013,s2,ungated_deflation,2,6.0584844810956
7127-75946-0003_3575-170457-0050_260-123288-0013,s2,ungated_deflation,3,-1.4807615822548883
7127-75946-0003_3575-170457-0050_260-123288-0013,s3,ungated_deflation,1,16.378270257036768
7127-75946-0003_3575-170457-0050_260-123288-0013,s3,ungated_deflation,2,-10.173195179800365
7127-75946-0003_3575-170457-0050_260-123288-0013,s3,ungated_deflation,3,-8.274215930084539
7127-75946-0003_3575-170457-0050_260-123288-0013,s1,gated_deflation,1,inf
7127-75946-0003_3575-170457-0050_260-123288-0013,s1,gated_deflation,2,nan
7127-75946-0003_3575-170457-0050_260-123288-0013,s1,gated_deflation,3,1.8819315328689594
7127-75946-0003_3575-170457-0050_260-123288-0013,s2,gated_deflation,1,inf
7127-75946-0003_3575-170457-0050_260-123288-0013,s2,gated_deflation,2,6.0584844810956
7127-75946-0003_3575-170457-0050_260-123288-0013,s2,gated_deflation,3,-1.4807615822548883
7127-75946-0003_3575-170457-0050_260-123288-0013,s3,gated_deflation,1,16.378270257036768
7127-75946-0003_3575-170457-0050_260-123288-0013,s3,gated_deflation,2,-10.173195179800365
7127-75946-0003_3575-170457-0050_260-123288-0013,s3,gated_deflation,3,-8.274215930084539
7127-75946-0003_3575-170457-0050_260-123288-0013,s1,coarse_to_fine,1,inf
7127-75946-0003_3575-170457-0050_260-123288-0013,s1,coarse_to_fine,2,nan
7127-75946-0003_3575-170457-0050_260-123288-0013,s1,coarse_to_fine,3,1.29422733699474
7127-75946-0003_3575-170457-0050_260-123288-0013,s2,coarse_to_fine,1,inf
7127-75946-0003_3575-170457-0050_260-123288-0013,s2,coarse_to_fine,2,9.279938725839742
7127-75946-0003_3575-170457-0050_260-123288-0013,s2,coarse_to_fine,3,6.380197656132093
7127-75946-0003_3575-170457-0050_260-123288-0013,s3,coarse_to_fine,1,30.317986095481444
7127-75946-0003_3575-170457-0050_260-123288-0013,s3,coarse_to_fine,2,2.8180876387058627
7127-75946-0003_3575-170457-0050_260-123288-0013,s3,coarse_to_fine,3,-7.329373576582836
5105-28240-0004_5142-33396-0001_3575-170457-0014,s1,no_recursion,1,inf
5105-28240-0004_5142-33396-0001_3575-170457-0014,s1,no_recursion,2,8.208377905446808
5105-28240-0004_5142-33396-0001_3575-170457-0014,s1,no_recursion,3,-3.3085291525876146
5105-28240-0004_5142-33396-0001_3575-170457-0014,s2,no_recursion,1,inf
5105-28240-0004_5142-33396-0001_3575-170457-0014,s2,no_recursion,2,nan
5105-28240-0004_5142-33396-0001_3575-170457-0014,s2,no_recursion,3,-0.2513544989663529
5105-28240-0004_5142-33396-0001_3575-170457-0014,s3,no_recursion,1,34.26325852412003
5105-28240-0004_5142-33396-0001_3575-170457-0014,s3,no_recursion,2,10.047971100412159
5105-28240-0004_5142-33396-0001_3575-170457-0014,s3,no_recursion,3,3.480150823974025
5105-28240-0004_5142-33396-0001_3575-170457-0014,s1,ungated_deflation,1,inf
5105-28240-0004_5142-33396-0001_3575-170457-0014,s1,ungated_deflation,2,8.208377905446808
5105-28240-0004_5142-33396-0001_3575-170457-0014,s1,ungated_deflation,3,-3.3085291525876146
5105-28240-0004_5142-33396-0001_3575-170457-0014,s2,ungated_deflation,1,inf
5105-28240-0004_5142-33396-0001_3575-170457-0014,s2,ungated_deflation,2,nan
5105-28240-0004_5142-33396-0001_3575-170457-0014,s2,ungated_deflation,3,-11.79362170210128
5105-28240-0004_5142-33396-0001_3575-170457-0014,s3,ungated_deflation,1,31.008567120750246
5105-28240-0004_5142-33396-0001_3575-170457-0014,s3,ungated_deflation,2,-0.7550860282683968
5105-28240-0004_5142-33396-0001_3575-170457-0014,s3,ungated_deflation,3,-10.318587630243517
5105-28240-0004_5142-33396-0001_3575-170457-0014,s1,gated_deflation,1,inf
5105-28240-0004_5142-33396-0001_3575-170457-0014,s1,gated_deflation,2,8.208377905446808
5105-28240-0004_5142-33396-0001_3575-170457-0014,s1,gated_deflation,3,-3.3085291525876146
5105-28240-0004_5142-33396-0001_3575-170457-0014,s2,gated_deflation,1,inf
5105-28240-0004_5142-33396-0001_3575-170457-0014,s2,gated_deflation,2,nan
5105-28240-0004_5142-33396-0001_3575-170457-0014,s2,gated_deflation,3,-11.79362170210128
5105-28240-0004_5142-33396-0001_3575-170457-0014,s3,gated_deflation,1,31.008567120750246
5105-28240-0004_5142-33396-0001_3575-170457-0014,s3,gated_deflation,2,-0.7550860282683968
5105-28240-0004_5142-33396-0001_3575-170457-0014,s3,gated_deflation,3,-10.318587630243517
5105-28240-0004_5142-33396-0001_3575-170457-0014,s1,coarse_to_fine,1,inf
5105-28240-0004_5142-33396-0001_3575-170457-0014,s1,coarse_to_fine,2,7.08076072736068
5105-28240-0004_5142-33396-0001_3575-170457-0014,s1,coarse_to_fine,3,-2.072601543134049
5105-28240-0004_5142-33396-0001_3575-170457-0014,s2,coarse_to_fine,1,inf
5105-28240-0004_5142-33396-0001_3575-170457-0014,s2,coarse_to_fine,2,nan
5105-28240-0004_5142-33396-0001_3575-170457-0014,s2,coarse_to_fine,3,-2.947107548101724
5105-28240-0004_5142-33396-0001_3575-170457-0014,s3,coarse_to_fine,1,33.52964259621945
5105-28240-0004_5142-33396-0001_3575-170457-0014,s3,coarse_to_fine,2,0.9228451686819568
5105-28240-0004_5142-33396-0001_3575-170457-0014,s3,coarse_to_fine,3,1.5722521131821257
2961-961-0000_5639-40744-0034_8455-210777-0000,s1,no_recursion,1,inf
2961-961-0000_5639-40744-0034_8455-210777-0000,s1,no_recursion,2,nan
2961-961-0000_5639-40744-0034_8455-210777-0000,s1,no_recursion,3,0.5896862356987921
2961-961-0000_5639-40744-0034_8455-210777-0000,s2,no_recursion,1,35.56288323343564
2961-961-0000_5639-40744-0034_8455-210777-0000,s2,no_recursion,2,-5.3842664564573415
2961-961-0000_5639-40744-0034_8455-210777-0000,s2,no_recursion,3,-7.1911268300338405
2961-961-0000_5639-40744-0034_8455-210777-0000,s3,no_recursion,1,28.0343276904362
2961-961-0000_5639-40744-0034_8455-210777-0000,s3,no_recursion,2,-10.876653685281216
2961-961-0000_5639-40744-0034_8455-210777-0000,s3,no_recursion,3,-10.491881448686069
2961-961-0000_5639-40744-0034_8455-210777-0000,s1,ungated_deflation,1,inf
2961-961-0000_5639-40744-0034_8455-210777-0000,s1,ungated_deflation,2,nan
2961-961-0000_5639-40744-0034_8455-210777-0000,s1,ungated_deflation,3,0.5896862356987921
2961-961-0000_5639-40744-0034_8455-210777-0000,s2,ungated_deflation,1,26.938988567959107
2961-961-0000_5639-40744-0034_8455-210777-0000,s2,ungated_deflation,2,0.5959430108946374
2961-961-0000_5639-40744-0034_8455-210777-0000,s2,ungated_deflation,3,-8.23131606207407
2961-961-0000_5639-40744-0034_8455-210777-0000,s3,ungated_deflation,1,29.965477597263973
2961-961-0000_5639-40744-0034_8455-210777-0000,s3,ungated_deflation,2,-6.733201892476771
2961-961-0000_5639-40744-0034_8455-210777-0000,s3,ungated_deflation,3,-11.173510041236735
2961-961-0000_5639-40744-0034_8455-210777-0000,s1,gated_deflation,1,inf
2961-961-0000_5639-40744-0034_8455-210777-0000,s1,gated_deflation,2,nan
2961-961-0000_5639-40744-0034_8455-210777-0000,s1,gated_deflation,3,0.5896862356987921
2961-961-0000_5639-40744-0034_8455-210777-0000,s2,gated_deflation,1,26.938988567959107
2961-961-0000_5639-40744-0034_8455-210777-0000,s2,gated_deflation,2,0.5959430108946374
2961-961-0000_5639-40744-0034_8455-210777-0000,s2,gated_deflation,3,-8.23131606207407
2961-961-0000_5639-40744-0034_8455-210777-0000,s3,gated_deflation,1,29.965477597263973
2961-961-0000_5639-40744-0034_8455-210777-0000,s3,gated_deflation,2,-6.733201892476771
2961-961-0000_5639-40744-0034_8455-210777-0000,s3,gated_deflation,3,-11.173510041236735
2961-961-0000_5639-40744-0034_8455-210777-0000,s1,coarse_to_fine,1,inf
2961-961-0000_5639-40744-0034_8455-210777-0000,s1,coarse_to_fine,2,nan
2961-961-0000_5639-40744-0034_8455-210777-0000,s1,coarse_to_fine,3,0.09684830804648548
2961-961-0000_5639-40744-0034_8455-210777-0000,s2,coarse_to_fine,1,36.179976304076064
2961-961-0000_5639-40744-0034_8455-210777-0000,s2,coarse_to_fine,2,-7.067590602125021
2961-961-0000_5639-40744-0034_8455-210777-0000,s2,coarse_to_fine,3,-9.535830338800714
2961-961-0000_5639-40744-0034_8455-210777-0000,s3,coarse_to_fine,1,28.0343276904362
2961-961-0000_5639-40744-0034_8455-210777-0000,s3,coarse_to_fine,2,-10.876653685281216
2961-961-0000_5639-40744-0034_8455-210777-0000,s3,coarse_to_fine,3,-10.491881448686069
1580-141084-0034_672-122797-0074_1221-135767-0005,s1,no_recursion,1,inf
1580-141084-0034_672-122797-0074_1221-135767-0005,s1,no_recursion,2,nan
1580-141084-0034_672-122797-0074_1221-135767-0005,s1,no_recursion,3,-7.525968221025473
1580-141084-0034_672-122797-0074_1221-135767-0005,s2,no_recursion,1,60.64994863655024
1580-141084-0034_672-122797-0074_1221-135767-0005,s2,no_recursion,2,10.416920045340454
1580-141084-0034_672-122797-0074_1221-135767-0005,s2,no_recursion,3,5.642138379381031
1580-141084-0034_672-122797-0074_1221-135767-0005,s3,no_recursion,1,16.11415504024333
1580-141084-0034_672-122797-0074_1221-135767-0005,s3,no_recursion,2,7.933111323339207
1580-141084-0034_672-122797-0074_1221-135767-0005,s3,no_recursion,3,7.16938421121275
1580-141084-0034_672-122797-0074_1221-135767-0005,s1,ungated_deflation,1,inf
1580-141084-0034_672-122797-0074_1221-135767-0005,s1,ungated_deflation,2,nan
1580-141084-0034_672-122797-0074_1221-135767-0005,s1,ungated_deflation,3,-7.525968221025473
1580-141084-0034_672-122797-0074_1221-135767-0005,s2,ungated_deflation,1,49.39360956497055
1580-141084-0034_672-122797-0074_1221-135767-0005,s2,ungated_deflation,2,-0.011943508423891932
1580-141084-0034_672-122797-0074_1221-135767-0005,s2,ungated_deflation,3,-14.142708600192366
1580-141084-0034_672-122797-0074_1221-135767-0005,s3,ungated_deflation,1,5.789131500733329
1580-141084-0034_672-122797-0074_1221-135767-0005,s3,ungated_deflation,2,5.660289547922629
1580-141084-0034_672-122797-0074_1221-135767-0005,s3,ungated_deflation,3,1.9128753927879505
1580-141084-0034_672-122797-0074_1221-135767-0005,s1,gated_deflation,1,inf
1580-141084-0034_672-122797-0074_1221-135767-0005,s1,gated_deflation,2,nan
1580-141084-0034_672-122797-0074_1221-135767-0005,s1,gated_deflation,3,-7.525968221025473
1580-141084-0034_672-122797-0074_1221-135767-0005,s2,gated_deflation,1,62.127644034510425
1580-141084-0034_672-122797-0074_1221-135767-0005,s2,gated_deflation,2,5.096469196129024
1580-141084-0034_672-122797-0074_1221-135767-0005,s2,gated_deflation,3,-7.878925838641995
1580-141084-0034_672-122797-0074_1221-135767-0005,s3,gated_deflation,1,5.789131500733329
1580-141084-0034_672-122797-0074_1221-135767-0005,s3,gated_deflation,2,5.660289547922629
1580-141084-0034_672-122797-0074_1221-135767-0005,s3,gated_deflation,3,1.9128753927879505
1580-141084-0034_672-122797-0074_1221-135767-0005,s1,coarse_to_fine,1,inf
1580-141084-0034_672-122797-0074_1221-135767-0005,s1,coarse_to_fine,2,nan
1580-141084-0034_672-122797-0074_1221-135767-0005,s1,coarse_to_fine,3,-9.113390900199366
1580-141084-0034_672-122797-0074_1221-135767-0005,s2,coarse_to_fine,1,61.211081064719146
1580-141084-0034_672-122797-0074_1221-135767-0005,s2,coarse_to_fine,2,10.714121265094178
1580-141084-0034_672-122797-0074_1221-135767-0005,s2,coarse_to_fine,3,5.291552485931383
1580-141084-0034_672-122797-0074_1221-135767-0005,s3,coarse_to_fine,1,17.70788991115108
1580-141084-0034_672-122797-0074_1221-135767-0005,s3,coarse_to_fine,2,1.4401892612786464
1580-141084-0034_672-122797-0074_1221-135767-0005,s3,coarse_to_fine,3,6.95792336570161
1320-122617-0008_6829-68769-0034_1188-133604-0015,s1,no_recursion,1,inf
1320-122617-0008_6829-68769-0034_1188-133604-0015,s1,no_recursion,2,nan
1320-122617-0008_6829-68769-0034_1188-133604-0015,s1,no_recursion,3,-9.47166657166949
1320-122617-0008_6829-68769-0034_1188-133604-0015,s2,no_recursion,1,inf
1320-122617-0008_6829-68769-0034_1188-133604-0015,s2,no_recursion,2,-2.800874643338709
1320-122617-0008_6829-68769-0034_1188-133604-0015,s2,no_recursion,3,-1.3720528964578564
1320-122617-0008_6829-68769-0034_1188-133604-0015,s3,no_recursion,1,35.905839925398176
1320-122617-0008_6829-68769-0034_1188-133604-0015,s3,no_recursion,2,12.686751893862471
1320-122617-0008_6829-68769-0034_1188-133604-0015,s3,no_recursion,3,2.9067625960020567
1320-122617-0008_6829-68769-0034_1188-133604-0015,s1,ungated_deflation,1,inf
1320-122617-0008_6829-68769-0034_1188-133604-0015,s1,ungated_deflation,2,nan
1320-122617-0008_6829-68769-0034_1188-133604-0015,s1,ungated_deflation,3,-9.47166657166949
1320-122617-0008_6829-68769-0034_1188-133604-0015,s2,ungated_deflation,1,inf
1320-122617-0008_6829-68769-0034_1188-133604-0015,s2,ungated_deflation,2,-7.288170757957495
1320-122617-0008_6829-68769-0034_1188-133604-0015,s2,ungated_deflation,3,1.49984100897265
1320-122617-0008_6829-68769-0034_1188-133604-0015,s3,ungated_deflation,1,20.053073814211796
1320-122617-0008_6829-68769-0034_1188-133604-0015,s3,ungated_deflation,2,-0.16904644566187432
1320-122617-0008_6829-68769-0034_1188-133604-0015,s3,ungated_deflation,3,-13.409204250953392
1320-122617-0008_6829-68769-0034_1188-133604-0015,s1,gated_deflation,1,inf
1320-122617-0008_6829-68769-0034_1188-133604-0015,s1,gated_deflation,2,nan
1320-122617-0008_6829-68769-0034_1188-133604-0015,s1,gated_deflation,3,-9.47166657166949
1320-122617-0008_6829-68769-0034_1188-133604-0015,s2,gated_deflation,1,inf
1320-122617-0008_6829-68769-0034_1188-133604-0015,s2,gated_deflation,2,-2.800874643338709
1320-122617-0008_6829-68769-0034_1188-133604-0015,s2,gated_deflation,3,-1.3720528964578564
1320-122617-0008_6829-68769-0034_1188-133604-0015,s3,gated_deflation,1,35.905839925398176
1320-122617-0008_6829-68769-0034_1188-133604-0015,s3,gated_deflation,2,12.686751893862471
1320-122617-0008_6829-68769-0034_1188-133604-0015,s3,gated_deflation,3,2.9067625960020567
1320-122617-0008_6829-68769-0034_1188-133604-0015,s1,coarse_to_fine,1,inf
1320-122617-0008_6829-68769-0034_1188-133604-0015,s1,coarse_to_fine,2,nan
1320-122617-0008_6829-68769-0034_1188-133604-0015,s1,coarse_to_fine,3,-17.30005138024157
1320-122617-0008_6829-68769-0034_1188-133604-0015,s2,coarse_to_fine,1,inf
1320-122617-0008_6829-68769-0034_1188-133604-0015,s2,coarse_to_fine,2,5.7143833101209776
1320-122617-0008_6829-68769-0034_1188-133604-0015,s2,coarse_to_fine,3,2.0861179691265668
1320-122617-0008_6829-68769-0034_1188-133604-0015,s3,coarse_to_fine,1,36.47569339381894
1320-122617-0008_6829-68769-0034_1188-133604-0015,s3,coarse_to_fine,2,11.920154470364437
1320-122617-0008_6829-68769-0034_1188-133604-0015,s3,coarse_to_fine,3,2.78161892778455
61-70968-0050_4970-29093-0000_7729-102255-0000,s1,no_recursion,1,33.00358412574501
61-70968-0050_4970-29093-0000_7729-102255-0000,s1,no_recursion,2,19.41465148693523
61-70968-0050_4970-29093-0000_7729-102255-0000,s1,no_recursion,3,-1.8938712210867872
61-70968-0050_4970-29093-0000_7729-102255-0000,s2,no_recursion,1,inf
61-70968-0050_4970-29093-0000_7729-102255-0000,s2,no_recursion,2,nan
61-70968-0050_4970-29093-0000_7729-102255-0000,s2,no_recursion,3,8.131108694642931
61-70968-0050_4970-29093-0000_7729-102255-0000,s3,no_recursion,1,37.71908279388058
61-70968-0050_4970-29093-0000_7729-102255-0000,s3,no_recursion,2,-37.76779162386141
61-70968-0050_4970-29093-0000_7729-102255-0000,s3,no_recursion,3,0.7578951001807914
61-70968-0050_4970-29093-0000_7729-102255-0000,s1,ungated_deflation,1,24.418109336615753
61-70968-0050_4970-29093-0000_7729-102255-0000,s1,ungated_deflation,2,2.8357686565625873
61-70968-0050_4970-29093-0000_7729-102255-0000,s1,ungated_deflation,3,-8.809777943200118
61-70968-0050_4970-29093-0000_7729-102255-0000,s2,ungated_deflation,1,inf
61-70968-0050_4970-29093-0000_7729-102255-0000,s2,ungated_deflation,2,nan
61-70968-0050_4970-29093-0000_7729-102255-0000,s2,ungated_deflation,3,8.131108694642931
61-70968-0050_4970-29093-0000_7729-102255-0000,s3,ungated_deflation,1,29.065886467693666
61-70968-0050_4970-29093-0000_7729-102255-0000,s3,ungated_deflation,2,-34.584952265727146
61-70968-0050_4970-29093-0000_7729-102255-0000,s3,ungated_deflation,3,-13.762607652288047
61-70968-0050_4970-29093-0000_7729-102255-0000,s1,gated_deflation,1,24.418109336615753
61-70968-0050_4970-29093-0000_7729-102255-0000,s1,gated_deflation,2,2.8357686565625873
61-70968-0050_4970-29093-0000_7729-102255-0000,s1,gated_deflation,3,-8.809777943200118
61-70968-0050_4970-29093-0000_7729-102255-0000,s2,gated_deflation,1,inf
61-70968-0050_4970-29093-0000_7729-102255-0000,s2,gated_deflation,2,nan
61-70968-0050_4970-29093-0000_7729-102255-0000,s2,gated_deflation,3,8.131108694642931
61-70968-0050_4970-29093-0000_7729-102255-0000,s3,gated_deflation,1,29.065886467693666
61-70968-0050_4970-29093-0000_7729-102255-0000,s3,gated_deflation,2,-34.584952265727146
61-70968-0050_4970-29093-0000_7729-102255-0000,s3,gated_deflation,3,-13.762607652288047
61-70968-0050_4970-29093-0000_7729-102255-0000,s1,coarse_to_fine,1,33.06656209159742
61-70968-0050_4970-29093-0000_7729-102255-0000,s1,coarse_to_fine,2,19.214701262598215
61-70968-0050_4970-29093-0000_7729-102255-0000,s1,coarse_to_fine,3,-1.850307782383718
61-70968-0050_4970-29093-0000_7729-102255-0000,s2,coarse_to_fine,1,inf
61-70968-0050_4970-29093-0000_7729-102255-0000,s2,coarse_to_fine,2,nan
61-70968-0050_4970-29093-0000_7729-102255-0000,s2,coarse_to_fine,3,8.618404006036657
61-70968-0050_4970-29093-0000_7729-102255-0000,s3,coarse_to_fine,1,38.15547018410279
61-70968-0050_4970-29093-0000_7729-102255-0000,s3,coarse_to_fine,2,-36.68353986969122
61-70968-0050_4970-29093-0000_7729-102255-0000,s3,coarse_to_fine,3,0.3818307061342657
1089-134686-0023_6829-68771-0023_2961-961-0015,s1,no_recursion,1,42.898812376797196
1089-134686-0023_6829-68771-0023_2961-961-0015,s1,no_recursion,2,16.682033501319772
1089-134686-0023_6829-68771-0023_2961-961-0015,s1,no_recursion,3,6.282144278668877
1089-134686-0023_6829-68771-0023_2961-961-0015,s2,no_recursion,1,inf
1089-134686-0023_6829-68771-0023_2961-961-0015,s2,no_recursion,2,nan
1089-134686-0023_6829-68771-0023_2961-961-0015,s2,no_recursion,3,-11.265416516509898
1089-134686-0023_6829-68771-0023_2961-961-0015,s3,no_recursion,1,24.81149689728559
1089-134686-0023_6829-68771-0023_2961-961-0015,s3,no_recursion,2,8.767710297787763
1089-134686-0023_6829-68771-0023_2961-961-0015,s3,no_recursion,3,-0.6908967228865681
1089-134686-0023_6829-68771-0023_2961-961-0015,s1,ungated_deflation,1,39.54277455150946
1089-134686-0023_6829-68771-0023_2961-961-0015,s1,ungated_deflation,2,-2.381931846081377
1089-134686-0023_6829-68771-0023_2961-961-0015,s1,ungated_deflation,3,-1.156935744033172
1089-134686-0023_6829-68771-0023_2961-961-0015,s2,ungated_deflation,1,inf
1089-134686-0023_6829-68771-0023_2961-961-0015,s2,ungated_deflation,2,nan
1089-134686-0023_6829-68771-0023_2961-961-0015,s2,ungated_deflation,3,-11.265416516509898
1089-134686-0023_6829-68771-0023_2961-961-0015,s3,ungated_deflation,1,22.31976947464405
1089-134686-0023_6829-68771-0023_2961-961-0015,s3,ungated_deflation,2,7.721782915924092
1089-134686-0023_6829-68771-0023_2961-961-0015,s3,ungated_deflation,3,-2.4426316061683906
1089-134686-0023_6829-68771-0023_2961-961-0015,s1,gated_deflation,1,40.02584224174926
1089-134686-0023_6829-68771-0023_2961-961-0015,s1,gated_deflation,2,2.241928874123279
1089-134686-0023_6829-68771-0023_2961-961-0015,s1,gated_deflation,3,-4.918152150754861
1089-134686-0023_6829-68771-0023_2961-961-0015,s2,gated_deflation,1,inf
1089-134686-0023_6829-68771-0023_2961-961-0015,s2,gated_deflation,2,nan
1089-134686-0023_6829-68771-0023_2961-961-0015,s2,gated_deflation,3,-11.265416516509898
1089-134686-0023_6829-68771-0023_2961-961-0015,s3,gated_deflation,1,24.81149689728559
1089-134686-0023_6829-68771-0023_2961-961-0015,s3,gated_deflation,2,8.767710297787763
1089-134686-0023_6829-68771-0023_2961-961-0015,s3,gated_deflation,3,-0.6908967228865681
1089-134686-0023_6829-68771-0023_2961-961-0015,s1,coarse_to_fine,1,43.389251869405435
1089-134686-0023_6829-68771-0023_2961-961-0015,s1,coarse_to_fine,2,16.769885352865728
1089-134686-0023_6829-68771-0023_2961-961-0015,s1,coarse_to_fine,3,5.903506328279191
1089-134686-0023_6829-68771-0023_2961-961-0015,s2,coarse_to_fine,1,inf
1089-134686-0023_6829-68771-0023_2961-961-0015,s2,coarse_to_fine,2,nan
1089-134686-0023_6829-68771-0023_2961-961-0015,s2,coarse_to_fine,3,-11.265416516509898
1089-134686-0023_6829-68771-0023_2961-961-0015,s3,coarse_to_fine,1,24.88565338953642
1089-134686-0023_6829-68771-0023_2961-961-0015,s3,coarse_to_fine,2,8.142596380751217
1089-134686-0023_6829-68771-0023_2961-961-0015,s3,coarse_to_fine,3,-1.2045781348101572
6829-68769-0021_3575-170457-0013_908-31957-0021,s1,no_recursion,1,inf
6829-68769-0021_3575-170457-0013_908-31957-0021,s1,no_recursion,2,nan
6829-68769-0021_3575-170457-0013_908-31957-0021,s1,no_recursion,3,-1.7579405917173654
6829-68769-0021_3575-170457-0013_908-31957-0021,s2,no_recursion,1,inf
6829-68769-0021_3575-170457-0013_908-31957-0021,s2,no_recursion,2,-5.715259778366733
6829-68769-0021_3575-170457-0013_908-31957-0021,s2,no_recursion,3,-3.9573631845741835
6829-68769-0021_3575-170457-0013_908-31957-0021,s3,no_recursion,1,28.322114602395683
6829-68769-0021_3575-170457-0013_908-31957-0021,s3,no_recursion,2,11.574777006863282
6829-68769-0021_3575-170457-0013_908-31957-0021,s3,no_recursion,3,6.619593080251632
6829-68769-0021_3575-170457-0013_908-31957-0021,s1,ungated_deflation,1,inf
6829-68769-0021_3575-170457-0013_908-31957-0021,s1,ungated_deflation,2,nan
6829-68769-0021_3575-170457-0013_908-31957-0021,s1,ungated_deflation,3,-1.7579405917173654
6829-68769-0021_3575-170457-0013_908-31957-0021,s2,ungated_deflation,1,inf
6829-68769-0021_3575-170457-0013_908-31957-0021,s2,ungated_deflation,2,-5.4598407754992255
6829-68769-0021_3575-170457-0013_908-31957-0021,s2,ungated_deflation,3,-3.3541426578307783
6829-68769-0021_3575-170457-0013_908-31957-0021,s3,ungated_deflation,1,9.195811284351777
6829-68769-0021_3575-170457-0013_908-31957-0021,s3,ungated_deflation,2,-4.589195192316998
6829-68769-0021_3575-170457-0013_908-31957-0021,s3,ungated_deflation,3,-10.305714749333479
6829-68769-0021_3575-170457-0013_908-31957-0021,s1,gated_deflation,1,inf
6829-68769-0021_3575-170457-0013_908-31957-0021,s1,gated_deflation,2,nan
6829-68769-0021_3575-170457-0013_908-31957-0021,s1,gated_deflation,3,-1.7579405917173654
6829-68769-0021_3575-170457-0013_908-31957-0021,s2,gated_deflation,1,inf
6829-68769-0021_3575-170457-0013_908-31957-0021,s2,gated_deflation,2,-5.4598407754992255
6829-68769-0021_3575-170457-0013_908-31957-0021,s2,gated_deflation,3,-3.3541426578307783
6829-68769-0021_3575-170457-0013_908-31957-0021,s3,gated_deflation,1,27.84487161004074
6829-68769-0021_3575-170457-0013_908-31957-0021,s3,gated_deflation,2,7.357689919872017
6829-68769-0021_3575-170457-0013_908-31957-0021,s3,gated_deflation,3,-7.419795170207491
6829-68769-0021_3575-170457-0013_908-31957-0021,s1,coarse_to_fine,1,inf
6829-68769-0021_3575-170457-0013_908-31957-0021,s1,coarse_to_fine,2,nan
6829-68769-0021_3575-170457-0013_908-31957-0021,s1,coarse_to_fine,3,-1.7376986152711815
6829-68769-0021_3575-170457-0013_908-31957-0021,s2,coarse_to_fine,1,inf
6829-68769-0021_3575-170457-0013_908-31957-0021,s2,coarse_to_fine,2,-3.697237123233266
6829-68769-0021_3575-170457-0013_908-31957-0021,s2,coarse_to_fine,3,-3.4303547296177
6829-68769-0021_3575-170457-0013_908-31957-0021,s3,coarse_to_fine,1,28.224372623718242
6829-68769-0021_3575-170457-0013_908-31957-0021,s3,coarse_to_fine,2,11.590827523401906
6829-68769-0021_3575-170457-0013_908-31957-0021,s3,coarse_to_fine,3,7.104782257068604
4446-2275-0007_7176-92135-0000_3575-170457-0024,s1,no_recursion,1,inf
4446-2275-0007_7176-92135-0000_3575-170457-0024,s1,no_recursion,2,nan
4446-2275-0007_7176-92135-0000_3575-170457-0024,s1,no_recursion,3,-6.24548141766174
4446-2275-0007_7176-92135-0000_3575-170457-0024,s2,no_recursion,1,60.17567814816391
4446-2275-0007_7176-92135-0000_3575-170457-0024,s2,no_recursion,2,8.547823505311767
4446-2275-0007_7176-92135-0000_3575-170457-0024,s2,no_recursion,3,4.779815830397158
4446-2275-0007_7176-92135-0000_3575-170457-0024,s3,no_recursion,1,38.910534814465215
4446-2275-0007_7176-92135-0000_3575-170457-0024,s3,no_recursion,2,2.6096732944656265
4446-2275-0007_7176-92135-0000_3575-170457-0024,s3,no_recursion,3,4.359059469415561
4446-2275-0007_7176-92135-0000_3575-170457-0024,s1,ungated_deflation,1,inf
4446-2275-0007_7176-92135-0000_3575-170457-0024,s1,ungated_deflation,2,nan
4446-2275-0007_7176-92135-0000_3575-170457-0024,s1,ungated_deflation,3,-6.24548141766174
4446-2275-0007_7176-92135-0000_3575-170457-0024,s2,ungated_deflation,1,51.88590750863738
4446-2275-0007_7176-92135-0000_3575-170457-0024,s2,ungated_deflation,2,-5.144662404834548
4446-2275-0007_7176-92135-0000_3575-170457-0024,s2,ungated_deflation,3,-9.834045564538652
4446-2275-0007_7176-92135-0000_3575-170457-0024,s3,ungated_deflation,1,34.356393356993
4446-2275-0007_7176-92135-0000_3575-170457-0024,s3,ungated_deflation,2,0.08112511023096758
4446-2275-0007_7176-92135-0000_3575-170457-0024,s3,ungated_deflation,3,-1.24861960594756
4446-2275-0007_7176-92135-0000_3575-170457-0024,s1,gated_deflation,1,inf
4446-2275-0007_7176-92135-0000_3575-170457-0024,s1,gated_deflation,2,nan
4446-2275-0007_7176-92135-0000_3575-170457-0024,s1,gated_deflation,3,-6.24548141766174
4446-2275-0007_7176-92135-0000_3575-170457-0024,s2,gated_deflation,1,51.88590750863738
4446-2275-0007_7176-92135-0000_3575-170457-0024,s2,gated_deflation,2,-5.144662404834548
4446-2275-0007_7176-92135-0000_3575-170457-0024,s2,gated_deflation,3,-9.834045564538652
4446-2275-0007_7176-92135-0000_3575-170457-0024,s3,gated_deflation,1,34.356393356993
4446-2275-0007_7176-92135-0000_3575-170457-0024,s3,gated_deflation,2,0.08112511023096758
4446-2275-0007_7176-92135-0000_3575-170457-0024,s3,gated_deflation,3,-1.24861960594756
4446-2275-0007_7176-92135-0000_3575-170457-0024,s1,coarse_to_fine,1,inf
4446-2275-0007_7176-92135-0000_3575-170457-0024,s1,coarse_to_fine,2,nan
4446-2275-0007_7176-92135-0000_3575-170457-0024,s1,coarse_to_fine,3,-6.232940613932879
4446-2275-0007_7176-92135-0000_3575-170457-0024,s2,coarse_to_fine,1,59.7189839857748
4446-2275-0007_7176-92135-0000_3575-170457-0024,s2,coarse_to_fine,2,7.655402008414799
4446-2275-0007_7176-92135-0000_3575-170457-0024,s2,coarse_to_fine,3,4.172103372861915
4446-2275-0007_7176-92135-0000_3575-170457-0024,s3,coarse_to_fine,1,38.85664855034497
4446-2275-0007_7176-92135-0000_3575-170457-0024,s3,coarse_to_fine,2,2.906613721246825
4446-2275-0007_7176-92135-0000_3575-170457-0024,s3,coarse_to_fine,3,5.23669043381632
1995-1837-0015_8463-294828-0000_260-123286-0030,s1,no_recursion,1,inf
1995-1837-0015_8463-294828-0000_260-123286-0030,s1,no_recursion,2,7.4782653771004215
1995-1837-0015_8463-294828-0000_260-123286-0030,s1,no_recursion,3,6.68578776861108
1995-1837-0015_8463-294828-0000_260-123286-0030,s2,no_recursion,1,inf
1995-1837-0015_8463-294828-0000_260-123286-0030,s2,no_recursion,2,nan
1995-1837-0015_8463-294828-0000_260-123286-0030,s2,no_recursion,3,-15.180563171844154
1995-1837-0015_8463-294828-0000_260-123286-0030,s3,no_recursion,1,40.71609762928391
1995-1837-0015_8463-294828-0000_260-123286-0030,s3,no_recursion,2,2.766898234255459
1995-1837-0015_8463-294828-0000_260-123286-0030,s3,no_recursion,3,5.263599349544754
1995-1837-0015_8463-294828-0000_260-123286-0030,s1,ungated_deflation,1,inf
1995-1837-0015_8463-294828-0000_260-123286-0030,s1,ungated_deflation,2,7.4782653771004215
1995-1837-0015_8463-294828-0000_260-123286-0030,s1,ungated_deflation,3,6.68578776861108
1995-1837-0015_8463-294828-0000_260-123286-0030,s2,ungated_deflation,1,inf
1995-1837-0015_8463-294828-0000_260-123286-0030,s2,ungated_deflation,2,nan
1995-1837-0015_8463-294828-0000_260-123286-0030,s2,ungated_deflation,3,-16.444330787709415
1995-1837-0015_8463-294828-0000_260-123286-0030,s3,ungated_deflation,1,38.352203381281754
1995-1837-0015_8463-294828-0000_260-123286-0030,s3,ungated_deflation,2,-14.789120370000697
1995-1837-0015_8463-294828-0000_260-123286-0030,s3,ungated_deflation,3,-9.705765345751683
1995-1837-0015_8463-294828-0000_260-123286-0030,s1,gated_deflation,1,inf
1995-1837-0015_8463-294828-0000_260-123286-0030,s1,gated_deflation,2,7.4782653771004215
1995-1837-0015_8463-294828-0000_260-123286-0030,s1,gated_deflation,3,6.68578776861108
1995-1837-0015_8463-294828-0000_260-123286-0030,s2,gated_deflation,1,inf
1995-1837-0015_8463-294828-0000_260-123286-0030,s2,gated_deflation,2,nan
1995-1837-0015_8463-294828-0000_260-123286-0030,s2,gated_deflation,3,-16.444330787709415
1995-1837-0015_8463-294828-0000_260-123286-0030,s3,gated_deflation,1,38.352203381281754
1995-1837-0015_8463-294828-0000_260-123286-0030,s3,gated_deflation,2,-14.789120370000697
1995-1837-0015_8463-294828-0000_260-123286-0030,s3,gated_deflation,3,-9.705765345751683
1995-1837-0015_8463-294828-0000_260-123286-0030,s1,coarse_to_fine,1,inf
1995-1837-0015_8463-294828-0000_260-123286-0030,s1,coarse_to_fine,2,6.449547421771515
1995-1837-0015_8463-294828-0000_260-123286-0030,s1,coarse_to_fine,3,6.265505633560435
1995-1837-0015_8463-294828-0000_260-123286-0030,s2,coarse_to_fine,1,inf
1995-1837-0015_8463-294828-0000_260-123286-0030,s2,coarse_to_fine,2,nan
1995-1837-0015_8463-294828-0000_260-123286-0030,s2,coarse_to_fine,3,-22.414052929280537
1995-1837-0015_8463-294828-0000_260-123286-0030,s3,coarse_to_fine,1,41.16127103222215
1995-1837-0015_8463-294828-0000_260-123286-0030,s3,coarse_to_fine,2,-0.19344437100684214
1995-1837-0015_8463-294828-0000_260-123286-0030,s3,coarse_to_fine,3,1.4708264149444936
121-127105-0023_2094-142345-0013_6930-75918-0014,s1,no_recursion,1,inf
121-127105-0023_2094-142345-0013_6930-75918-0014,s1,no_recursion,2,nan
121-127105-0023_2094-142345-0013_6930-75918-0014,s1,no_recursion,3,-5.499052273841853
121-127105-0023_2094-142345-0013_6930-75918-0014,s2,no_recursion,1,inf
121-127105-0023_2094-142345-0013_6930-75918-0014,s2,no_recursion,2,-0.6546955067333625
121-127105-0023_2094-142345-0013_6930-75918-0014,s2,no_recursion,3,5.1211647580382955
121-127105-0023_2094-142345-0013_6930-75918-0014,s3,no_recursion,1,29.767312813165738
121-127105-0023_2094-142345-0013_6930-75918-0014,s3,no_recursion,2,-1.6069664103511667
121-127105-0023_2094-142345-0013_6930-75918-0014,s3,no_recursion,3,-3.3618053327655106
121-127105-0023_2094-142345-0013_6930-75918-0014,s1,ungated_deflation,1,inf
121-127105-0023_2094-142345-0013_6930-75918-0014,s1,ungated_deflation,2,nan
121-127105-0023_2094-142345-0013_6930-75918-0014,s1,ungated_deflation,3,-5.499052273841853
121-127105-0023_2094-142345-0013_6930-75918-0014,s2,ungated_deflation,1,inf
121-127105-0023_2094-142345-0013_6930-75918-0014,s2,ungated_deflation,2,-3.694732032641752
121-127105-0023_2094-142345-0013_6930-75918-0014,s2,ungated_deflation,3,-5.315840987464679
121-127105-0023_2094-142345-0013_6930-75918-0014,s3,ungated_deflation,1,25.460691784281092
121-127105-0023_2094-142345-0013_6930-75918-0014,s3,ungated_deflation,2,-0.8673975494379498
121-127105-0023_2094-142345-0013_6930-75918-0014,s3,ungated_deflation,3,-4.16688988257914
121-127105-0023_2094-142345-0013_6930-75918-0014,s1,gated_deflation,1,inf
121-127105-0023_2094-142345-0013_6930-75918-0014,s1,gated_deflation,2,nan
121-127105-0023_2094-142345-0013_6930-75918-0014,s1,gated_deflation,3,-5.499052273841853
121-127105-0023_2094-142345-0013_6930-75918-0014,s2,gated_deflation,1,inf
121-127105-0023_2094-142345-0013_6930-75918-0014,s2,gated_deflation,2,-0.6546955067333625
121-127105-0023_2094-142345-0013_6930-75918-0014,s2,gated_deflation,3,5.1211647580382955
121-127105-0023_2094-142345-0013_6930-75918-0014,s3,gated_deflation,1,23.027611862187776
121-127105-0023_2094-142345-0013_6930-75918-0014,s3,gated_deflation,2,-3.586760173416086
121-127105-0023_2094-142345-0013_6930-75918-0014,s3,gated_deflation,3,-6.6398238482214875
121-127105-0023_2094-142345-0013_6930-75918-0014,s1,coarse_to_fine,1,inf
121-127105-0023_2094-142345-0013_6930-75918-0014,s1,coarse_to_fine,2,nan
121-127105-0023_2094-142345-0013_6930-75918-0014,s1,coarse_to_fine,3,-10.745744859275465
121-127105-0023_2094-142345-0013_6930-75918-0014,s2,coarse_to_fine,1,inf
121-127105-0023_2094-142345-0013_6930-75918-0014,s2,coarse_to_fine,2,6.161074922737235
121-127105-0023_2094-142345-0013_6930-75918-0014,s2,coarse_to_fine,3,5.629549418886901
121-127105-0023_2094-142345-0013_6930-75918-0014,s3,coarse_to_fine,1,35.2296276366205
121-127105-0023_2094-142345-0013_6930-75918-0014,s3,coarse_to_fine,2,-4.08422354949784
121-127105-0023_2094-142345-0013_6930-75918-0014,s3,coarse_to_fine,3,-6.225635990223837
2300-131720-0036_8230-279154-0021_5142-33396-0034,s1,no_recursion,1,43.672932676644145
2300-131720-0036_8230-279154-0021_5142-33396-0034,s1,no_recursion,2,9.599271449579735
2300-131720-0036_8230-279154-0021_5142-33396-0034,s1,no_recursion,3,-5.725888777068018
2300-131720-0036_8230-279154-0021_5142-33396-0034,s2,no_recursion,1,inf
2300-131720-0036_8230-279154-0021_5142-33396-0034,s2,no_recursion,2,nan
2300-131720-0036_8230-279154-0021_5142-33396-0034,s2,no_recursion,3,5.028561292514215
2300-131720-0036_8230-279154-0021_5142-33396-0034,s3,no_recursion,1,36.37985179809863
2300-131720-0036_8230-279154-0021_5142-33396-0034,s3,no_recursion,2,-5.1640440777100505
2300-131720-0036_8230-279154-0021_5142-33396-0034,s3,no_recursion,3,4.650047445275746
2300-131720-0036_8230-279154-0021_5142-33396-0034,s1,ungated_deflation,1,43.672932676644145
2300-131720-0036_8230-279154-0021_5142-33396-0034,s1,ungated_deflation,2,9.599271449579735
2300-131720-0036_8230-279154-0021_5142-33396-0034,s1,ungated_deflation,3,-5.725888777068018
2300-131720-0036_8230-279154-0021_5142-33396-0034,s2,ungated_deflation,1,inf
2300-131720-0036_8230-279154-0021_5142-33396-0034,s2,ungated_deflation,2,nan
2300-131720-0036_8230-279154-0021_5142-33396-0034,s2,ungated_deflation,3,-5.602641359848875
2300-131720-0036_8230-279154-0021_5142-33396-0034,s3,ungated_deflation,1,19.965344339698138
2300-131720-0036_8230-279154-0021_5142-33396-0034,s3,ungated_deflation,2,-4.574087327150564
2300-131720-0036_8230-279154-0021_5142-33396-0034,s3,ungated_deflation,3,-16.08974138072125
2300-131720-0036_8230-279154-0021_5142-33396-0034,s1,gated_deflation,1,43.672932676644145
2300-131720-0036_8230-279154-0021_5142-33396-0034,s1,gated_deflation,2,9.599271449579735
2300-131720-0036_8230-279154-0021_5142-33396-0034,s1,gated_deflation,3,-5.725888777068018
2300-131720-0036_8230-279154-0021_5142-33396-0034,s2,gated_deflation,1,inf
2300-131720-0036_8230-279154-0021_5142-33396-0034,s2,gated_deflation,2,nan
2300-131720-0036_8230-279154-0021_5142-33396-0034,s2,gated_deflation,3,5.028561292514215
2300-131720-0036_8230-279154-0021_5142-33396-0034,s3,gated_deflation,1,31.301396588647687
2300-131720-0036_8230-279154-0021_5142-33396-0034,s3,gated_deflation,2,-6.011245689068719
2300-131720-0036_8230-279154-0021_5142-33396-0034,s3,gated_deflation,3,-5.60707709370567
2300-131720-0036_8230-279154-0021_5142-33396-0034,s1,coarse_to_fine,1,43.82901821073061
2300-131720-0036_8230-279154-0021_5142-33396-0034,s1,coarse_to_fine,2,9.142193896235009
2300-131720-0036_8230-279154-0021_5142-33396-0034,s1,coarse_to_fine,3,-6.156259552049318
2300-131720-0036_8230-279154-0021_5142-33396-0034,s2,coarse_to_fine,1,inf
2300-131720-0036_8230-279154-0021_5142-33396-0034,s2,coarse_to_fine,2,nan
2300-131720-0036_8230-279154-0021_5142-33396-0034,s2,coarse_to_fine,3,5.144549033002602
2300-131720-0036_8230-279154-0021_5142-33396-0034,s3,coarse_to_fine,1,35.17638768483755
2300-131720-0036_8230-279154-0021_5142-33396-0034,s3,coarse_to_fine,2,-5.8025630888997775
2300-131720-0036_8230-279154-0021_5142-33396-0034,s3,coarse_to_fine,3,3.406719602769848
1580-141083-0009_1320-122612-0004_5683-32866-0006,s1,no_recursion,1,59.73848473140698
1580-141083-0009_1320-122612-0004_5683-32866-0006,s1,no_recursion,2,6.859383170361259
1580-141083-0009_1320-122612-0004_5683-32866-0006,s1,no_recursion,3,-7.556237551188704
1580-141083-0009_1320-122612-0004_5683-32866-0006,s2,no_recursion,1,inf
1580-141083-0009_1320-122612-0004_5683-32866-0006,s2,no_recursion,2,10.54326324388538
1580-141083-0009_1320-122612-0004_5683-32866-0006,s2,no_recursion,3,7.495044106540918
1580-141083-0009_1320-122612-0004_5683-32866-0006,s3,no_recursion,1,34.13207351735008
1580-141083-0009_1320-122612-0004_5683-32866-0006,s3,no_recursion,2,nan
1580-141083-0009_1320-122612-0004_5683-32866-0006,s3,no_recursion,3,5.783760214816306
1580-141083-0009_1320-122612-0004_5683-32866-0006,s1,ungated_deflation,1,53.20784879182918
1580-141083-0009_1320-122612-0004_5683-32866-0006,s1,ungated_deflation,2,2.697551274224677
1580-141083-0009_1320-122612-0004_5683-32866-0006,s1,ungated_deflation,3,-4.723148052091394
1580-141083-0009_1320-122612-0004_5683-32866-0006,s2,ungated_deflation,1,inf
1580-141083-0009_1320-122612-0004_5683-32866-0006,s2,ungated_deflation,2,10.54326324388538
1580-141083-0009_1320-122612-0004_5683-32866-0006,s2,ungated_deflation,3,7.495044106540918
1580-141083-0009_1320-122612-0004_5683-32866-0006,s3,ungated_deflation,1,23.46424407316786
1580-141083-0009_1320-122612-0004_5683-32866-0006,s3,ungated_deflation,2,nan
1580-141083-0009_1320-122612-0004_5683-32866-0006,s3,ungated_deflation,3,1.5907888124848646
1580-141083-0009_1320-122612-0004_5683-32866-0006,s1,gated_deflation,1,53.20784879182918
1580-141083-0009_1320-122612-0004_5683-32866-0006,s1,gated_deflation,2,2.697551274224677
1580-141083-0009_1320-122612-0004_5683-32866-0006,s1,gated_deflation,3,-4.723148052091394
1580-141083-0009_1320-122612-0004_5683-32866-0006,s2,gated_deflation,1,inf
1580-141083-0009_1320-122612-0004_5683-32866-0006,s2,gated_deflation,2,10.54326324388538
1580-141083-0009_1320-122612-0004_5683-32866-0006,s2,gated_deflation,3,7.495044106540918
1580-141083-0009_1320-122612-0004_5683-32866-0006,s3,gated_deflation,1,23.46424407316786
1580-141083-0009_1320-122612-0004_5683-32866-0006,s3,gated_deflation,2,nan
1580-141083-0009_1320-122612-0004_5683-32866-0006,s3,gated_deflation,3,1.5907888124848646
1580-141083-0009_1320-122612-0004_5683-32866-0006,s1,coarse_to_fine,1,56.43867869948012
1580-141083-0009_1320-122612-0004_5683-32866-0006,s1,coarse_to_fine,2,7.235427518948317
1580-141083-0009_1320-122612-0004_5683-32866-0006,s1,coarse_to_fine,3,-7.945706988445104
1580-141083-0009_1320-122612-0004_5683-32866-0006,s2,coarse_to_fine,1,inf
1580-141083-0009_1320-122612-0004_5683-32866-0006,s2,coarse_to_fine,2,10.483245093567772
1580-141083-0009_1320-122612-0004_5683-32866-0006,s2,coarse_to_fine,3,7.6352893190543645
1580-141083-0009_1320-122612-0004_5683-32866-0006,s3,coarse_to_fine,1,33.56898118538264
1580-141083-0009_1320-122612-0004_5683-32866-0006,s3,coarse_to_fine,2,nan
1580-141083-0009_1320-122612-0004_5683-32866-0006,s3,coarse_to_fine,3,6.064506383584098
1221-135767-0002_3570-5694-0000_6930-75918-0002,s1,no_recursion,1,58.35302444338864
1221-135767-0002_3570-5694-0000_6930-75918-0002,s1,no_recursion,2,5.307911241669164
1221-135767-0002_3570-5694-0000_6930-75918-0002,s1,no_recursion,3,1.932676513805749
1221-135767-0002_3570-5694-0000_6930-75918-0002,s2,no_recursion,1,inf
1221-135767-0002_3570-5694-0000_6930-75918-0002,s2,no_recursion,2,-0.9211157853188698
1221-135767-0002_3570-5694-0000_6930-75918-0002,s2,no_recursion,3,-2.4335113040589804
1221-135767-0002_3570-5694-0000_6930-75918-0002,s3,no_recursion,1,23.276707671538542
1221-135767-0002_3570-5694-0000_6930-75918-0002,s3,no_recursion,2,nan
1221-135767-0002_3570-5694-0000_6930-75918-0002,s3,no_recursion,3,-1.9948130752130098
1221-135767-0002_3570-5694-0000_6930-75918-0002,s1,ungated_deflation,1,59.83186469473122
1221-135767-0002_3570-5694-0000_6930-75918-0002,s1,ungated_deflation,2,-0.5796059289431922
1221-135767-0002_3570-5694-0000_6930-75918-0002,s1,ungated_deflation,3,-9.116455668186793
1221-135767-0002_3570-5694-0000_6930-75918-0002,s2,ungated_deflation,1,inf
1221-135767-0002_3570-5694-0000_6930-75918-0002,s2,ungated_deflation,2,-0.9211157853188698
1221-135767-0002_3570-5694-0000_6930-75918-0002,s2,ungated_deflation,3,-2.4335113040589804
1221-135767-0002_3570-5694-0000_6930-75918-0002,s3,ungated_deflation,1,20.157035608168485
1221-135767-0002_3570-5694-0000_6930-75918-0002,s3,ungated_deflation,2,nan
1221-135767-0002_3570-5694-0000_6930-75918-0002,s3,ungated_deflation,3,-3.2628665537726054
1221-135767-0002_3570-5694-0000_6930-75918-0002,s1,gated_deflation,1,58.35302444338864
1221-135767-0002_3570-5694-0000_6930-75918-0002,s1,gated_deflation,2,5.307911241669164
1221-135767-0002_3570-5694-0000_6930-75918-0002,s1,gated_deflation,3,1.932676513805749
1221-135767-0002_3570-5694-0000_6930-75918-0002,s2,gated_deflation,1,inf
1221-135767-0002_3570-5694-0000_6930-75918-0002,s2,gated_deflation,2,-0.9211157853188698
1221-135767-0002_3570-5694-0000_6930-75918-0002,s2,gated_deflation,3,-2.4335113040589804
1221-135767-0002_3570-5694-0000_6930-75918-0002,s3,gated_deflation,1,23.276707671538542
1221-135767-0002_3570-5694-0000_6930-75918-0002,s3,gated_deflation,2,nan
1221-135767-0002_3570-5694-0000_6930-75918-0002,s3,gated_deflation,3,-1.9948130752130098
1221-135767-0002_3570-5694-0000_6930-75918-0002,s1,coarse_to_fine,1,58.43651429668678
1221-135767-0002_3570-5694-0000_6930-75918-0002,s1,coarse_to_fine,2,-1.0633766685030128
1221-135767-0002_3570-5694-0000_6930-75918-0002,s1,coarse_to_fine,3,-0.5587566165989429
1221-135767-0002_3570-5694-0000_6930-75918-0002,s2,coarse_to_fine,1,inf
1221-135767-0002_3570-5694-0000_6930-75918-0002,s2,coarse_to_fine,2,-2.844602803450218
1221-135767-0002_3570-5694-0000_6930-75918-0002,s2,coarse_to_fine,3,-2.6517424974357917
1221-135767-0002_3570-5694-0000_6930-75918-0002,s3,coarse_to_fine,1,24.563214097928544
1221-135767-0002_3570-5694-0000_6930-75918-0002,s3,coarse_to_fine,2,nan
1221-135767-0002_3570-5694-0000_6930-75918-0002,s3,coarse_to_fine,3,-5.883633728249517
5683-32866-0021_260-123288-0025_2300-131720-0000,s1,no_recursion,1,inf
5683-32866-0021_260-123288-0025_2300-131720-0000,s1,no_recursion,2,7.768148137162017
5683-32866-0021_260-123288-0025_2300-131720-0000,s1,no_recursion,3,5.41777951363308
5683-32866-0021_260-123288-0025_2300-131720-0000,s2,no_recursion,1,69.9146180954797
5683-32866-0021_260-123288-0025_2300-131720-0000,s2,no_recursion,2,3.350382993884189
5683-32866-0021_260-123288-0025_2300-131720-0000,s2,no_recursion,3,-1.3921771888753636
5683-32866-0021_260-123288-0025_2300-131720-0000,s3,no_recursion,1,31.364920890250197
5683-32866-0021_260-123288-0025_2300-131720-0000,s3,no_recursion,2,nan
5683-32866-0021_260-123288-0025_2300-131720-0000,s3,no_recursion,3,-1.186321527061289
5683-32866-0021_260-123288-0025_2300-131720-0000,s1,ungated_deflation,1,inf
5683-32866-0021_260-123288-0025_2300-131720-0000,s1,ungated_deflation,2,7.768148137162017
5683-32866-0021_260-123288-0025_2300-131720-0000,s1,ungated_deflation,3,5.41777951363308
5683-32866-0021_260-123288-0025_2300-131720-0000,s2,ungated_deflation,1,67.69830008401317
5683-32866-0021_260-123288-0025_2300-131720-0000,s2,ungated_deflation,2,-16.280704954320182
5683-32866-0021_260-123288-0025_2300-131720-0000,s2,ungated_deflation,3,-12.64373226086309
5683-32866-0021_260-123288-0025_2300-131720-0000,s3,ungated_deflation,1,16.11791907333686
5683-32866-0021_260-123288-0025_2300-131720-0000,s3,ungated_deflation,2,nan
5683-32866-0021_260-123288-0025_2300-131720-0000,s3,ungated_deflation,3,-7.858151170809059
5683-32866-0021_260-123288-0025_2300-131720-0000,s1,gated_deflation,1,inf
5683-32866-0021_260-123288-0025_2300-131720-0000,s1,gated_deflation,2,7.768148137162017
5683-32866-0021_260-123288-0025_2300-131720-0000,s1,gated_deflation,3,5.41777951363308
5683-32866-0021_260-123288-0025_2300-131720-0000,s2,gated_deflation,1,72.67876479509388
5683-32866-0021_260-123288-0025_2300-131720-0000,s2,gated_deflation,2,-13.512093413761113
5683-32866-0021_260-123288-0025_2300-131720-0000,s2,gated_deflation,3,-13.702889522479856
5683-32866-0021_260-123288-0025_2300-131720-0000,s3,gated_deflation,1,16.11791907333686
5683-32866-0021_260-123288-0025_2300-131720-0000,s3,gated_deflation,2,nan
5683-32866-0021_260-123288-0025_2300-131720-0000,s3,gated_deflation,3,-7.858151170809059
5683-32866-0021_260-123288-0025_2300-131720-0000,s1,coarse_to_fine,1,inf
5683-32866-0021_260-123288-0025_2300-131720-0000,s1,coarse_to_fine,2,8.581165801086016
5683-32866-0021_260-123288-0025_2300-131720-0000,s1,coarse_to_fine,3,5.678568285297718
5683-32866-0021_260-123288-0025_2300-131720-0000,s2,coarse_to_fine,1,70.05727025508766
5683-32866-0021_260-123288-0025_2300-131720-0000,s2,coarse_to_fine,2,4.695112452612874
5683-32866-0021_260-123288-0025_2300-131720-0000,s2,coarse_to_fine,3,-0.844563930237199
5683-32866-0021_260-123288-0025_2300-131720-0000,s3,coarse_to_fine,1,31.234198066114377
5683-32866-0021_260-123288-0025_2300-131720-0000,s3,coarse_to_fine,2,nan
5683-32866-0021_260-123288-0025_2300-131720-0000,s3,coarse_to_fine,3,-0.9598636442677398
1284-1180-0009_2830-3980-0044_7021-79740-0002,s1,no_recursion,1,inf
1284-1180-0009_2830-3980-0044_7021-79740-0002,s1,no_recursion,2,-1.8815906075349251
1284-1180-0009_2830-3980-0044_7021-79740-0002,s1,no_recursion,3,4.8839648451551385
1284-1180-0009_2830-3980-0044_7021-79740-0002,s2,no_recursion,1,inf
1284-1180-0009_2830-3980-0044_7021-79740-0002,s2,no_recursion,2,nan
1284-1180-0009_2830-3980-0044_7021-79740-0002,s2,no_recursion,3,-11.44155619393576
1284-1180-0009_2830-3980-0044_7021-79740-0002,s3,no_recursion,1,31.533887813745025
1284-1180-0009_2830-3980-0044_7021-79740-0002,s3,no_recursion,2,4.805909828140694
1284-1180-0009_2830-3980-0044_7021-79740-0002,s3,no_recursion,3,-0.22008813285719492
1284-1180-0009_2830-3980-0044_7021-79740-0002,s1,ungated_deflation,1,inf
1284-1180-0009_2830-3980-0044_7021-79740-0002,s1,ungated_deflation,2,-1.8815906075349251
1284-1180-0009_2830-3980-0044_7021-79740-0002,s1,ungated_deflation,3,4.8839648451551385
1284-1180-0009_2830-3980-0044_7021-79740-0002,s2,ungated_deflation,1,inf
1284-1180-0009_2830-3980-0044_7021-79740-0002,s2,ungated_deflation,2,nan
1284-1180-0009_2830-3980-0044_7021-79740-0002,s2,ungated_deflation,3,-10.510926971444333
1284-1180-0009_2830-3980-0044_7021-79740-0002,s3,ungated_deflation,1,11.543828077192648
1284-1180-0009_2830-3980-0044_7021-79740-0002,s3,ungated_deflation,2,-6.18945919430147
1284-1180-0009_2830-3980-0044_7021-79740-0002,s3,ungated_deflation,3,-7.121621605859736
1284-1180-0009_2830-3980-0044_7021-79740-0002,s1,gated_deflation,1,inf
1284-1180-0009_2830-3980-0044_7021-79740-0002,s1,gated_deflation,2,-1.8815906075349251
1284-1180-0009_2830-3980-0044_7021-79740-0002,s1,gated_deflation,3,4.8839648451551385
1284-1180-0009_2830-3980-0044_7021-79740-0002,s2,gated_deflation,1,inf
1284-1180-0009_2830-3980-0044_7021-79740-0002,s2,gated_deflation,2,nan
1284-1180-0009_2830-3980-0044_7021-79740-0002,s2,gated_deflation,3,-10.510926971444333
1284-1180-0009_2830-3980-0044_7021-79740-0002,s3,gated_deflation,1,26.49159160154897
1284-1180-0009_2830-3980-0044_7021-79740-0002,s3,gated_deflation,2,-4.763224326766462
1284-1180-0009_2830-3980-0044_7021-79740-0002,s3,gated_deflation,3,-6.1736323253678655
1284-1180-0009_2830-3980-0044_7021-79740-0002,s1,coarse_to_fine,1,inf
1284-1180-0009_2830-3980-0044_7021-79740-0002,s1,coarse_to_fine,2,1.49496550711181
1284-1180-0009_2830-3980-0044_7021-79740-0002,s1,coarse_to_fine,3,2.904565410396376
1284-1180-0009_2830-3980-0044_7021-79740-0002,s2,coarse_to_fine,1,inf
1284-1180-0009_2830-3980-0044_7021-79740-0002,s2,coarse_to_fine,2,nan
1284-1180-0009_2830-3980-0044_7021-79740-0002,s2,coarse_to_fine,3,-9.435204627392636
1284-1180-0009_2830-3980-0044_7021-79740-0002,s3,coarse_to_fine,1,31.520228915278846
1284-1180-0009_2830-3980-0044_7021-79740-0002,s3,coarse_to_fine,2,5.156383965939688
1284-1180-0009_2830-3980-0044_7021-79740-0002,s3,coarse_to_fine,3,-0.5386092034945392
1580-141083-0049_8224-274381-0014_6829-68769-0015,s1,no_recursion,1,inf
1580-141083-0049_8224-274381-0014_6829-68769-0015,s1,no_recursion,2,nan
1580-141083-0049_8224-274381-0014_6829-68769-0015,s1,no_recursion,3,-6.7832970144628755
1580-141083-0049_8224-274381-0014_6829-68769-0015,s2,no_recursion,1,48.32191881925151
1580-141083-0049_8224-274381-0014_6829-68769-0015,s2,no_recursion,2,9.98510452951648
1580-141083-0049_8224-274381-0014_6829-68769-0015,s2,no_recursion,3,7.363036364504868
1580-141083-0049_8224-274381-0014_6829-68769-0015,s3,no_recursion,1,34.27249152224297
1580-141083-0049_8224-274381-0014_6829-68769-0015,s3,no_recursion,2,4.637140797693547
1580-141083-0049_8224-274381-0014_6829-68769-0015,s3,no_recursion,3,3.2475480014838976
1580-141083-0049_8224-274381-0014_6829-68769-0015,s1,ungated_deflation,1,inf
1580-141083-0049_8224-274381-0014_6829-68769-0015,s1,ungated_deflation,2,nan
1580-141083-0049_8224-274381-0014_6829-68769-0015,s1,ungated_deflation,3,-6.7832970144628755
1580-141083-0049_8224-274381-0014_6829-68769-0015,s2,ungated_deflation,1,51.945205371059515
1580-141083-0049_8224-274381-0014_6829-68769-0015,s2,ungated_deflation,2,-10.665663069295576
1580-141083-0049_8224-274381-0014_6829-68769-0015,s2,ungated_deflation,3,-13.315332770737045
1580-141083-0049_8224-274381-0014_6829-68769-0015,s3,ungated_deflation,1,28.66097605464844
1580-141083-0049_8224-274381-0014_6829-68769-0015,s3,ungated_deflation,2,7.867331741919652
1580-141083-0049_8224-274381-0014_6829-68769-0015,s3,ungated_deflation,3,-15.400162551156438
1580-141083-0049_8224-274381-0014_6829-68769-0015,s1,gated_deflation,1,inf
1580-141083-0049_8224-274381-0014_6829-68769-0015,s1,gated_deflation,2,nan
1580-141083-0049_8224-274381-0014_6829-68769-0015,s1,gated_deflation,3,-6.7832970144628755
1580-141083-0049_8224-274381-0014_6829-68769-0015,s2,gated_deflation,1,51.945205371059515
1580-141083-0049_8224-274381-0014_6829-68769-0015,s2,gated_deflation,2,-10.665663069295576
1580-141083-0049_8224-274381-0014_6829-68769-0015,s2,gated_deflation,3,-13.315332770737045
1580-141083-0049_8224-274381-0014_6829-68769-0015,s3,gated_deflation,1,28.66097605464844
1580-141083-0049_8224-274381-0014_6829-68769-0015,s3,gated_deflation,2,7.867331741919652
1580-141083-0049_8224-274381-0014_6829-68769-0015,s3,gated_deflation,3,-15.400162551156438
1580-141083-0049_8224-274381-0014_6829-68769-0015,s1,coarse_to_fine,1,inf
1580-141083-0049_8224-274381-0014_6829-68769-0015,s1,coarse_to_fine,2,nan
1580-141083-0049_8224-274381-0014_6829-68769-0015,s1,coarse_to_fine,3,-7.408892804144402
1580-141083-0049_8224-274381-0014_6829-68769-0015,s2,coarse_to_fine,1,48.638043526785786
1580-141083-0049_8224-274381-0014_6829-68769-0015,s2,coarse_to_fine,2,9.828373485035543
1580-141083-0049_8224-274381-0014_6829-68769-0015,s2,coarse_to_fine,3,7.832378316998957
1580-141083-0049_8224-274381-0014_6829-68769-0015,s3,coarse_to_fine,1,33.12588412839858
1580-141083-0049_8224-274381-0014_6829-68769-0015,s3,coarse_to_fine,2,8.323238367380082
1580-141083-0049_8224-274381-0014_6829-68769-0015,s3,coarse_to_fine,3,4.200410495066494
260-123440-0009_8230-279154-0002_8555-284447-0022,s1,no_recursion,1,inf
260-123440-0009_8230-279154-0002_8555-284447-0022,s1,no_recursion,2,nan
260-123440-0009_8230-279154-0002_8555-284447-0022,s1,no_recursion,3,4.430443409452379
260-123440-0009_8230-279154-0002_8555-284447-0022,s2,no_recursion,1,73.2736024199469
260-123440-0009_8230-279154-0002_8555-284447-0022,s2,no_recursion,2,4.067160562811732
260-123440-0009_8230-279154-0002_8555-284447-0022,s2,no_recursion,3,8.217451999086471
260-123440-0009_8230-279154-0002_8555-284447-0022,s3,no_recursion,1,51.53880968979764
260-123440-0009_8230-279154-0002_8555-284447-0022,s3,no_recursion,2,10.234628140595841
260-123440-0009_8230-279154-0002_8555-284447-0022,s3,no_recursion,3,-9.35757145052351
260-123440-0009_8230-279154-0002_8555-284447-0022,s1,ungated_deflation,1,inf
260-123440-0009_8230-279154-0002_8555-284447-0022,s1,ungated_deflation,2,nan
260-123440-0009_8230-279154-0002_8555-284447-0022,s1,ungated_deflation,3,4.430443409452379
260-123440-0009_8230-279154-0002_8555-284447-0022,s2,ungated_deflation,1,71.4110486407163
260-123440-0009_8230-279154-0002_8555-284447-0022,s2,ungated_deflation,2,-2.3812790453097414
260-123440-0009_8230-279154-0002_8555-284447-0022,s2,ungated_deflation,3,-13.742595380878251
260-123440-0009_8230-279154-0002_8555-284447-0022,s3,ungated_deflation,1,38.017966261784025
260-123440-0009_8230-279154-0002_8555-284447-0022,s3,ungated_deflation,2,8.240477025541464
260-123440-0009_8230-279154-0002_8555-284447-0022,s3,ungated_deflation,3,-10.278627201448625
260-123440-0009_8230-279154-0002_8555-284447-0022,s1,gated_deflation,1,inf
260-123440-0009_8230-279154-0002_8555-284447-0022,s1,gated_deflation,2,nan
260-123440-0009_8230-279154-0002_8555-284447-0022,s1,gated_deflation,3,4.430443409452379
260-123440-0009_8230-279154-0002_8555-284447-0022,s2,gated_deflation,1,73.10258479275231
260-123440-0009_8230-279154-0002_8555-284447-0022,s2,gated_deflation,2,4.148519521460854
260-123440-0009_8230-279154-0002_8555-284447-0022,s2,gated_deflation,3,-5.987960886000488
260-123440-0009_8230-279154-0002_8555-284447-0022,s3,gated_deflation,1,38.017966261784025
260-123440-0009_8230-279154-0002_8555-284447-0022,s3,gated_deflation,2,8.240477025541464
260-123440-0009_8230-279154-0002_8555-284447-0022,s3,gated_deflation,3,-10.278627201448625
260-123440-0009_8230-279154-0002_8555-284447-0022,s1,coarse_to_fine,1,inf
260-123440-0009_8230-279154-0002_8555-284447-0022,s1,coarse_to_fine,2,nan
260-123440-0009_8230-279154-0002_8555-284447-0022,s1,coarse_to_fine,3,4.282705717266548
260-123440-0009_8230-279154-0002_8555-284447-0022,s2,coarse_to_fine,1,73.12466259869356
260-123440-0009_8230-279154-0002_8555-284447-0022,s2,coarse_to_fine,2,3.1485413154848745
260-123440-0009_8230-279154-0002_8555-284447-0022,s2,coarse_to_fine,3,8.220102317058599
260-123440-0009_8230-279154-0002_8555-284447-0022,s3,coarse_to_fine,1,51.39993486093965
260-123440-0009_8230-279154-0002_8555-284447-0022,s3,coarse_to_fine,2,9.821501209506193
260-123440-0009_8230-279154-0002_8555-284447-0022,s3,coarse_to_fine,3,-9.714723664819017
1995-1837-0001_908-157963-0004_4446-2271-0010,s1,no_recursion,1,inf
1995-1837-0001_908-157963-0004_4446-2271-0010,s1,no_recursion,2,8.554394302962073
1995-1837-0001_908-157963-0004_4446-2271-0010,s1,no_recursion,3,2.0951269602371463
1995-1837-0001_908-157963-0004_4446-2271-0010,s2,no_recursion,1,49.74272491911761
1995-1837-0001_908-157963-0004_4446-2271-0010,s2,no_recursion,2,6.131442814536415
1995-1837-0001_908-157963-0004_4446-2271-0010,s2,no_recursion,3,5.528583484112262
1995-1837-0001_908-157963-0004_4446-2271-0010,s3,no_recursion,1,37.61423750109138
1995-1837-0001_908-157963-0004_4446-2271-0010,s3,no_recursion,2,nan
1995-1837-0001_908-157963-0004_4446-2271-0010,s3,no_recursion,3,-10.578420883816994
1995-1837-0001_908-157963-0004_4446-2271-0010,s1,ungated_deflation,1,inf
1995-1837-0001_908-157963-0004_4446-2271-0010,s1,ungated_deflation,2,8.554394302962073
1995-1837-0001_908-157963-0004_4446-2271-0010,s1,ungated_deflation,3,2.0951269602371463
1995-1837-0001_908-157963-0004_4446-2271-0010,s2,ungated_deflation,1,48.39180322911552
1995-1837-0001_908-157963-0004_4446-2271-0010,s2,ungated_deflation,2,-2.285981848012559
1995-1837-0001_908-157963-0004_4446-2271-0010,s2,ungated_deflation,3,-11.946696533390062
1995-1837-0001_908-157963-0004_4446-2271-0010,s3,ungated_deflation,1,23.572248208711102
1995-1837-0001_908-157963-0004_4446-2271-0010,s3,ungated_deflation,2,nan
1995-1837-0001_908-157963-0004_4446-2271-0010,s3,ungated_deflation,3,-8.035413984194879
1995-1837-0001_908-157963-0004_4446-2271-0010,s1,gated_deflation,1,inf
1995-1837-0001_908-157963-0004_4446-2271-0010,s1,gated_deflation,2,8.554394302962073
1995-1837-0001_908-157963-0004_4446-2271-0010,s1,gated_deflation,3,2.0951269602371463
1995-1837-0001_908-157963-0004_4446-2271-0010,s2,gated_deflation,1,48.074030862309996
1995-1837-0001_908-157963-0004_4446-2271-0010,s2,gated_deflation,2,-1.911084632274923
1995-1837-0001_908-157963-0004_4446-2271-0010,s2,gated_deflation,3,-2.939267985999331
1995-1837-0001_908-157963-0004_4446-2271-0010,s3,gated_deflation,1,23.572248208711102
1995-1837-0001_908-157963-0004_4446-2271-0010,s3,gated_deflation,2,nan
1995-1837-0001_908-157963-0004_4446-2271-0010,s3,gated_deflation,3,-8.035413984194879
1995-1837-0001_908-157963-0004_4446-2271-0010,s1,coarse_to_fine,1,inf
1995-1837-0001_908-157963-0004_4446-2271-0010,s1,coarse_to_fine,2,9.385231241742783
1995-1837-0001_908-157963-0004_4446-2271-0010,s1,coarse_to_fine,3,4.563895529877899
1995-1837-0001_908-157963-0004_4446-2271-0010,s2,coarse_to_fine,1,49.35320972085509
1995-1837-0001_908-157963-0004_4446-2271-0010,s2,coarse_to_fine,2,6.054416415335279
1995-1837-0001_908-157963-0004_4446-2271-0010,s2,coarse_to_fine,3,3.632746069489681
1995-1837-0001_908-157963-0004_4446-2271-0010,s3,coarse_to_fine,1,32.320503634760904
1995-1837-0001_908-157963-0004_4446-2271-0010,s3,coarse_to_fine,2,nan
1995-1837-0001_908-157963-0004_4446-2271-0010,s3,coarse_to_fine,3,-11.90472967574424
6829-68769-0036_6930-76324-0021_3729-6852-0016,s1,no_recursion,1,inf
6829-68769-0036_6930-76324-0021_3729-6852-0016,s1,no_recursion,2,3.2547462453522535
6829-68769-0036_6930-76324-0021_3729-6852-0016,s1,no_recursion,3,8.700755291845672
6829-68769-0036_6930-76324-0021_3729-6852-0016,s2,no_recursion,1,34.93410388895791
6829-68769-0036_6930-76324-0021_3729-6852-0016,s2,no_recursion,2,1.4942504052427452
6829-68769-0036_6930-76324-0021_3729-6852-0016,s2,no_recursion,3,-4.2070604233964035
6829-68769-0036_6930-76324-0021_3729-6852-0016,s3,no_recursion,1,32.17382654385661
6829-68769-0036_6930-76324-0021_3729-6852-0016,s3,no_recursion,2,nan
6829-68769-0036_6930-76324-0021_3729-6852-0016,s3,no_recursion,3,-8.815287517737296
6829-68769-0036_6930-76324-0021_3729-6852-0016,s1,ungated_deflation,1,inf
6829-68769-0036_6930-76324-0021_3729-6852-0016,s1,ungated_deflation,2,3.2547462453522535
6829-68769-0036_6930-76324-0021_3729-6852-0016,s1,ungated_deflation,3,8.700755291845672
6829-68769-0036_6930-76324-0021_3729-6852-0016,s2,ungated_deflation,1,34.971779229322706
6829-68769-0036_6930-76324-0021_3729-6852-0016,s2,ungated_deflation,2,0.4329935605101346
6829-68769-0036_6930-76324-0021_3729-6852-0016,s2,ungated_deflation,3,-2.9086957058641065
6829-68769-0036_6930-76324-0021_3729-6852-0016,s3,ungated_deflation,1,33.05883782241025
6829-68769-0036_6930-76324-0021_3729-6852-0016,s3,ungated_deflation,2,nan
6829-68769-0036_6930-76324-0021_3729-6852-0016,s3,ungated_deflation,3,-7.828312981762623
6829-68769-0036_6930-76324-0021_3729-6852-0016,s1,gated_deflation,1,inf
6829-68769-0036_6930-76324-0021_3729-6852-0016,s1,gated_deflation,2,3.2547462453522535
6829-68769-0036_6930-76324-0021_3729-6852-0016,s1,gated_deflation,3,8.700755291845672
6829-68769-0036_6930-76324-0021_3729-6852-0016,s2,gated_deflation,1,31.807803869616322
6829-68769-0036_6930-76324-0021_3729-6852-0016,s2,gated_deflation,2,0.901544685767423
6829-68769-0036_6930-76324-0021_3729-6852-0016,s2,gated_deflation,3,-2.7086956679364094
6829-68769-0036_6930-76324-0021_3729-6852-0016,s3,gated_deflation,1,33.05883782241025
6829-68769-0036_6930-76324-0021_3729-6852-0016,s3,gated_deflation,2,nan
6829-68769-0036_6930-76324-0021_3729-6852-0016,s3,gated_deflation,3,-7.828312981762623
6829-68769-0036_6930-76324-0021_3729-6852-0016,s1,coarse_to_fine,1,inf
6829-68769-0036_6930-76324-0021_3729-6852-0016,s1,coarse_to_fine,2,0.41640179009750733
6829-68769-0036_6930-76324-0021_3729-6852-0016,s1,coarse_to_fine,3,6.96134071855257
6829-68769-0036_6930-76324-0021_3729-6852-0016,s2,coarse_to_fine,1,35.578769908402194
6829-68769-0036_6930-76324-0021_3729-6852-0016,s2,coarse_to_fine,2,0.4603682045386335
6829-68769-0036_6930-76324-0021_3729-6852-0016,s2,coarse_to_fine,3,-5.7933175918801
6829-68769-0036_6930-76324-0021_3729-6852-0016,s3,coarse_to_fine,1,32.17382654385661
6829-68769-0036_6930-76324-0021_3729-6852-0016,s3,coarse_to_fine,2,nan
6829-68769-0036_6930-76324-0021_3729-6852-0016,s3,coarse_to_fine,3,-8.815287517737296
7021-85628-0013_5683-32866-0008_1089-134686-0022,s1,no_recursion,1,47.970773740438446
7021-85628-0013_5683-32866-0008_1089-134686-0022,s1,no_recursion,2,1.9234456702394656
7021-85628-0013_5683-32866-0008_1089-134686-0022,s1,no_recursion,3,-4.024888732584458
7021-85628-0013_5683-32866-0008_1089-134686-0022,s2,no_recursion,1,inf
7021-85628-0013_5683-32866-0008_1089-134686-0022,s2,no_recursion,2,nan
7021-85628-0013_5683-32866-0008_1089-134686-0022,s2,no_recursion,3,3.429111527017265
7021-85628-0013_5683-32866-0008_1089-134686-0022,s3,no_recursion,1,39.13945196578303
7021-85628-0013_5683-32866-0008_1089-134686-0022,s3,no_recursion,2,1.3559871614065033
7021-85628-0013_5683-32866-0008_1089-134686-0022,s3,no_recursion,3,3.5924833658735773
7021-85628-0013_5683-32866-0008_1089-134686-0022,s1,ungated_deflation,1,35.422235856697704
7021-85628-0013_5683-32866-0008_1089-134686-0022,s1,ungated_deflation,2,-3.4081817810051436
7021-85628-0013_5683-32866-0008_1089-134686-0022,s1,ungated_deflation,3,-5.037022409112969
7021-85628-0013_5683-32866-0008_1089-134686-0022,s2,ungated_deflation,1,inf
7021-85628-0013_5683-32866-0008_1089-134686-0022,s2,ungated_deflation,2,nan
7021-85628-0013_5683-32866-0008_1089-134686-0022,s2,ungated_deflation,3,3.429111527017265
7021-85628-0013_5683-32866-0008_1089-134686-0022,s3,ungated_deflation,1,22.371641663538373
7021-85628-0013_5683-32866-0008_1089-134686-0022,s3,ungated_deflation,2,1.9168492191588813
7021-85628-0013_5683-32866-0008_1089-134686-0022,s3,ungated_deflation,3,-2.6222838964774633
7021-85628-0013_5683-32866-0008_1089-134686-0022,s1,gated_deflation,1,35.422235856697704
7021-85628-0013_5683-32866-0008_1089-134686-0022,s1,gated_deflation,2,-3.4081817810051436
7021-85628-0013_5683-32866-0008_1089-134686-0022,s1,gated_deflation,3,-5.037022409112969
7021-85628-0013_5683-32866-0008_1089-134686-0022,s2,gated_deflation,1,inf
7021-85628-0013_5683-32866-0008_1089-134686-0022,s2,gated_deflation,2,nan
7021-85628-0013_5683-32866-0008_1089-134686-0022,s2,gated_deflation,3,3.429111527017265
7021-85628-0013_5683-32866-0008_1089-134686-0022,s3,gated_deflation,1,22.371641663538373
7021-85628-0013_5683-32866-0008_1089-134686-0022,s3,gated_deflation,2,1.9168492191588813
7021-85628-0013_5683-32866-0008_1089-134686-0022,s3,gated_deflation,3,-2.6222838964774633
7021-85628-0013_5683-32866-0008_1089-134686-0022,s1,coarse_to_fine,1,50.8454532289014
7021-85628-0013_5683-32866-0008_1089-134686-0022,s1,coarse_to_fine,2,1.9521173373171066
7021-85628-0013_5683-32866-0008_1089-134686-0022,s1,coarse_to_fine,3,-3.8080953802385817
7021-85628-0013_5683-32866-0008_1089-134686-0022,s2,coarse_to_fine,1,inf
7021-85628-0013_5683-32866-0008_1089-134686-0022,s2,coarse_to_fine,2,nan
7021-85628-0013_5683-32866-0008_1089-134686-0022,s2,coarse_to_fine,3,-0.8983558148103467
7021-85628-0013_5683-32866-0008_1089-134686-0022,s3,coarse_to_fine,1,40.93380316686205
7021-85628-0013_5683-32866-0008_1089-134686-0022,s3,coarse_to_fine,2,-1.6811544408556414
7021-85628-0013_5683-32866-0008_1089-134686-0022,s3,coarse_to_fine,3,3.4544281393387277
